70.78974151611328
42.02202224731445
40.74005126953125
37.24970626831055
36.13374710083008
36.849815368652344
36.852745056152344
38.933563232421875
38.78485870361328
58.581905364990234
61.206268310546875
39.20720291137695
40.310707092285156
40.4345817565918
41.00828170776367
41.19141387939453
40.75510025024414
41.765586853027344
43.8255500793457
60.035945892333984
57.39585876464844
63.21862030029297
61.473365783691406
56.490108489990234
58.36742401123047
68.33898162841797
70.78974151611328
62.79823684692383
65.4933853149414
64.26470947265625
65.2249984741211
52.67742156982422
57.68149948120117
49.8348503112793
53.63221740722656
41.592918395996094
41.64450454711914
38.5008659362793
37.90010452270508
43.51454544067383
41.97453308105469
47.31587600708008
48.89032745361328
40.153263092041016
40.28927230834961
45.277164459228516
42.42039489746094
51.19166946411133
53.44306945800781
61.73280715942383
63.004520416259766
70.69432067871094
65.11656951904297
61.735416412353516
56.601234436035156
77.60721588134766
73.5608901977539
68.57025146484375
65.69020080566406
149.95318603515625
155.5539093017578
132.18753051757812
154.46546936035156
106.20948791503906
118.63790130615234
71.57978820800781
73.77459716796875
81.71015930175781
85.02367401123047
72.34563446044922
73.0749282836914
59.002113342285156
58.38107681274414
59.06270980834961
59.05691909790039
55.979896545410156
56.765724182128906
51.30813217163086
52.4510383605957
50.12230682373047
51.19525909423828
59.817054748535156
60.43303298950195
72.80415344238281
71.37995147705078
67.50496673583984
66.15440368652344
81.04437255859375
79.27452850341797
66.671142578125
67.57966613769531
50.20719909667969
51.40510559082031
69.94869232177734
68.46617126464844
53.533084869384766
54.195892333984375
59.92546081542969
54.67115783691406
54.39460372924805
56.3184928894043
61.57255172729492
60.43416976928711
55.786468505859375
56.456886291503906
60.485267639160156
60.54956817626953
55.60031509399414
56.397308349609375
59.213279724121094
60.39426803588867
59.47419738769531
60.41106414794922
67.81196594238281
68.88956451416016
67.41646575927734
68.539306640625
60.89946746826172
62.472686767578125
63.135231018066406
62.70744323730469
57.11977767944336
57.39867401123047
68.65994262695312
67.71995544433594
64.21502685546875
65.14036560058594
72.36434936523438
70.36686706542969
89.18550109863281
83.52122497558594
58.679447174072266
58.544925689697266
51.4726448059082
52.7130126953125
48.853424072265625
49.40111541748047
52.076881408691406
52.40974807739258
67.29293823242188
69.81446075439453
50.645713806152344
53.62247848510742
75.2045669555664
74.29740142822266
68.96601104736328
67.0716781616211
64.58234405517578
58.80679702758789
73.82161712646484
74.11652374267578
90.19789123535156
97.84723663330078
126.8690414428711
122.22872161865234
79.66860961914062
79.99942016601562
105.64323425292969
109.26911926269531
77.94432830810547
82.18291473388672
53.43534469604492
56.86327362060547
68.26250457763672
62.666534423828125
60.96672439575195
54.73172378540039
59.741004943847656
56.633602142333984
71.24822235107422
75.42828369140625
73.88421630859375
78.47725677490234
84.55809020996094
88.23680877685547
93.91040802001953
91.06468963623047
54.88529968261719
53.172019958496094
59.44612121582031
58.47410202026367
66.93391418457031
64.88838195800781
63.65591812133789
59.40031433105469
74.46827697753906
75.9218521118164
62.451141357421875
64.30339813232422
98.43310546875
97.32588958740234
92.26022338867188
90.71431732177734
85.22022247314453
86.44632720947266
69.83622741699219
71.17413330078125
54.55099868774414
54.86122512817383
53.598670959472656
51.07050323486328
49.73634338378906
47.97201919555664
99.2279052734375
109.58773803710938
73.53833770751953
77.14413452148438
83.64570617675781
83.69300842285156
61.28948974609375
63.78813171386719
56.430259704589844
55.775794982910156
73.14198303222656
69.60746765136719
64.49019622802734
61.26851272583008
72.60211181640625
74.32440948486328
55.66550827026367
56.770591735839844
54.2961311340332
54.10968017578125
63.159934997558594
59.415321350097656
61.613460540771484
57.486610412597656
59.64923095703125
54.90909957885742
54.374114990234375
49.99564743041992
55.84897232055664
51.29439926147461
95.00259399414062
92.40850830078125
54.63239669799805
53.949806213378906
45.7037353515625
45.94548797607422
46.14959716796875
46.93706512451172
66.69751739501953
63.74858093261719
51.56043243408203
48.9845085144043
45.802982330322266
44.55984115600586
