99.79203796386719
43.779842376708984
42.94975280761719
44.22135543823242
43.92440414428711
41.74966812133789
39.805206298828125
41.2484130859375
40.034027099609375
42.192543029785156
40.98343276977539
41.81521224975586
39.50924301147461
42.46940231323242
40.05767059326172
41.85433578491211
40.05482482910156
41.58012390136719
38.193031311035156
41.363136291503906
39.88447189331055
39.943904876708984
39.63481521606445
40.7474250793457
39.642276763916016
40.611446380615234
39.54713439941406
41.77122497558594
42.79506301879883
44.25126647949219
43.18027114868164
42.869998931884766
42.03325271606445
57.14072799682617
54.21200942993164
64.41290283203125
59.827999114990234
72.11006927490234
70.53245544433594
47.61876678466797
47.83382034301758
48.52442932128906
47.60881423950195
44.9691047668457
44.23997116088867
41.59560012817383
41.39328384399414
43.8604621887207
43.688167572021484
43.248924255371094
42.8989143371582
43.1666145324707
42.662994384765625
42.53610610961914
42.34014892578125
42.99376678466797
42.793880462646484
41.9993782043457
42.05805587768555
40.47674560546875
40.93134307861328
41.308387756347656
41.563140869140625
46.15750503540039
45.14555740356445
99.79203796386719
92.93202209472656
41.98811721801758
43.532474517822266
45.23899841308594
43.94922637939453
63.26445007324219
61.07807922363281
45.542137145996094
45.37939453125
40.79411315917969
41.34635543823242
40.91440963745117
41.59920120239258
51.583377838134766
45.161407470703125
43.45778274536133
43.541603088378906
47.896244049072266
47.340030670166016
69.91956329345703
80.11608123779297
58.14179611206055
55.332366943359375
73.52322387695312
66.43293762207031
48.15203857421875
46.35279083251953
57.12778854370117
48.99637222290039
54.25497817993164
50.458927154541016
50.885162353515625
53.08253479003906
66.1845932006836
64.28036499023438
47.797550201416016
47.35245895385742
47.44735336303711
46.2972297668457
49.974308013916016
48.19755172729492
45.64590835571289
45.65973663330078
45.837852478027344
46.41838073730469
48.81355285644531
47.81617736816406
43.85710525512695
45.924434661865234
39.63840866088867
42.201866149902344
46.50990295410156
48.38086700439453
44.613929748535156
46.84164810180664
39.39419937133789
40.49271011352539
41.37283706665039
39.66935348510742
45.32445526123047
48.47807312011719
40.81586837768555
42.77402877807617
50.705413818359375
52.944576263427734
45.31649398803711
49.479427337646484
52.04169845581055
54.25437927246094
40.651695251464844
43.089847564697266
39.979209899902344
42.5716552734375
40.225128173828125
43.21403884887695
40.27516174316406
42.71503448486328
47.43818283081055
48.931861877441406
42.49143600463867
44.25899887084961
381.5662536621094
381.3746032714844
396.60003662109375
398.10406494140625
534.7875366210938
534.5865478515625
314.4247131347656
315.76019287109375
389.7487487792969
389.6832580566406
275.84149169921875
276.7773742675781
274.1918029785156
281.0018310546875
250.7921600341797
253.3081512451172
284.2500305175781
288.57421875
285.4953918457031
289.1496887207031
264.5846252441406
262.4046936035156
264.8789367675781
268.0626220703125
272.98388671875
275.9862060546875
257.7572021484375
260.5583801269531
276.15911865234375
272.3015441894531
277.1077575683594
281.4233703613281
245.30165100097656
242.78109741210938
262.89508056640625
265.75958251953125
284.50537109375
270.3183288574219
537.1780395507812
500.8397521972656
706.9591064453125
669.971923828125
478.833740234375
462.4695739746094
382.69024658203125
361.9851989746094
359.4932861328125
354.4058837890625
303.74749755859375
286.3330383300781
249.92822265625
236.8548126220703
316.448974609375
314.3657531738281
252.76824951171875
246.75164794921875
243.8547821044922
251.5755157470703
299.22698974609375
292.88604736328125
234.4247589111328
249.76654052734375
274.621826171875
289.4098815917969
287.0811767578125
292.2408752441406
280.3025207519531
290.5057067871094
433.1864013671875
441.1337585449219
279.8760070800781
288.3329772949219
244.3947296142578
259.58111572265625
257.6474609375
265.43731689453125
213.2524871826172
225.0977020263672
286.7335205078125
286.01141357421875
215.18911743164062
212.94395446777344
199.82618713378906
204.3607635498047
333.9295959472656
334.8258361816406
378.4422912597656
376.4913635253906
739.970703125
739.6257934570312
493.0398864746094
490.1910705566406
391.01324462890625
389.70037841796875
286.9613037109375
286.7850036621094
352.0960693359375
332.9443359375
318.26776123046875
298.6806945800781
664.984130859375
651.9949951171875
577.3465576171875
577.1867065429688
521.1536254882812
517.212646484375
365.23773193359375
364.1810302734375
343.1553649902344
358.7334899902344
309.46478271484375
320.6037902832031
297.4226379394531
301.0090026855469
387.481201171875
385.44287109375
337.68292236328125
338.43597412109375
315.7880859375
316.3476257324219
387.4332580566406
387.4545593261719
420.48529052734375
419.20416259765625
357.065673828125
356.66790771484375
239.0803985595703
255.40966796875
395.18280029296875
379.33831787109375
376.76043701171875
365.62554931640625
243.1399383544922
241.1876678466797
303.7735290527344
308.5244140625
244.59446716308594
241.4304656982422
253.60736083984375
243.71839904785156
225.06997680664062
216.19549560546875
248.65994262695312
255.6529998779297
557.4862670898438
495.9312438964844
389.82354736328125
368.09161376953125
327.1362609863281
313.3484191894531
578.9569091796875
581.1651611328125
437.1771545410156
340.79583740234375
373.6303405761719
373.00811767578125
357.626220703125
329.458984375
389.2022399902344
387.2369384765625
386.384765625
359.41119384765625
364.9815368652344
357.2119140625
615.3062744140625
594.4472045898438
685.6871337890625
681.1257934570312
794.0533447265625
714.4298706054688
693.2457885742188
675.8240356445312
796.9669189453125
733.6162109375
573.3792724609375
566.0574340820312
647.302001953125
619.5540161132812
410.43023681640625
364.2891540527344
318.46026611328125
288.189453125
589.7440185546875
539.0195922851562
447.8324279785156
397.2357482910156
344.61407470703125
307.6431884765625
504.1807861328125
458.71343994140625
314.0264587402344
284.7779846191406
352.847900390625
327.9677734375
386.6842041015625
364.89373779296875
318.9643249511719
306.87860107421875
377.3784484863281
373.2772216796875
335.69085693359375
329.3226013183594
289.90380859375
291.2372741699219
355.7274169921875
352.9141845703125
412.1749267578125
407.5276794433594
302.75714111328125
304.7530517578125
245.8106231689453
259.9911193847656
319.6106262207031
314.86083984375
222.2621307373047
222.082275390625
244.461181640625
247.86453247070312
287.87158203125
291.9391784667969
316.5283203125
298.36370849609375
269.15850830078125
267.01983642578125
357.1025695800781
348.0288391113281
335.28582763671875
318.2017517089844
325.5165100097656
309.73541259765625
317.0727844238281
311.6144104003906
314.5652770996094
309.1416015625
536.0939331054688
530.4140014648438
657.6624755859375
659.4212646484375
545.514892578125
499.541259765625
361.37860107421875
355.9607849121094
536.5679321289062
501.6524963378906
407.6756286621094
395.1615905761719
316.79595947265625
316.37310791015625
340.7662658691406
346.4997253417969
333.945556640625
332.2376403808594
593.189208984375
592.1362915039062
460.23651123046875
469.2331237792969
412.9390563964844
413.208740234375
405.59844970703125
399.0425720214844
514.4520874023438
520.5936279296875
431.7611389160156
407.935302734375
277.3278503417969
268.14569091796875
244.5695037841797
231.35110473632812
327.5855712890625
327.35693359375
305.5476989746094
287.55059814453125
313.6377868652344
313.87908935546875
199.275390625
195.81838989257812
309.4892578125
305.40948486328125
494.5700378417969
477.625
391.60223388671875
363.6914978027344
373.64886474609375
370.5266418457031
300.95623779296875
281.4895935058594
503.48828125
487.2902526855469
464.5853576660156
454.1407775878906
289.4122314453125
266.54296875
378.34356689453125
351.4510192871094
556.6521606445312
554.8773193359375
522.4741821289062
504.8726501464844
401.1026916503906
399.95318603515625
541.455810546875
531.5945434570312
767.9824829101562
746.5765991210938
832.6491088867188
760.1351318359375
349.7695617675781
344.96539306640625
363.9905700683594
359.27850341796875
717.1746826171875
665.6983642578125
684.814208984375
648.2617797851562
444.1412353515625
444.593994140625
382.4297790527344
379.53240966796875
427.2953796386719
423.30255126953125
580.1547241210938
564.6127319335938
539.5062866210938
515.3035278320312
352.8383483886719
342.7989501953125
710.8007202148438
704.000244140625
1026.28515625
987.293212890625
737.8388671875
758.94873046875
735.2880249023438
723.157958984375
1053.8023681640625
970.3785400390625
1369.08544921875
1362.847900390625
645.4620971679688
640.25048828125
912.21337890625
857.1181640625
872.3157958984375
859.9823608398438
762.1473388671875
755.0936889648438
908.2876586914062
867.8580322265625
806.0462036132812
794.5003662109375
1203.8411865234375
1116.0350341796875
1243.3944091796875
1180.8421630859375
993.6070556640625
971.3839111328125
706.7261352539062
713.7280883789062
738.4619140625
736.38720703125
1041.331787109375
1018.3526000976562
978.3347778320312
967.8013305664062
1294.71875
1270.8009033203125
945.7788696289062
943.9044189453125
898.1906127929688
909.8731689453125
1000.1652221679688
989.052001953125
1141.463134765625
1113.6881103515625
1155.142578125
1129.6048583984375
1252.05078125
1241.083251953125
993.4755249023438
978.9741821289062
858.0986938476562
848.2383422851562
751.1757202148438
741.9776611328125
889.5173950195312
882.176025390625
