114.894775390625
42.4954948425293
40.59373092651367
38.33195877075195
38.583892822265625
37.141056060791016
37.58810043334961
38.28515625
41.226280212402344
39.783687591552734
42.010494232177734
39.72657012939453
41.50393295288086
42.13786697387695
42.2381706237793
42.85194778442383
59.98719024658203
75.93658447265625
73.67798614501953
50.536293029785156
61.45659255981445
48.67737579345703
42.76926803588867
40.25769805908203
38.18299865722656
38.79682540893555
39.810394287109375
39.25395584106445
39.2823371887207
36.8962516784668
35.469200134277344
37.00840377807617
37.51723098754883
40.208274841308594
41.32270050048828
39.41331100463867
36.90684127807617
39.08386993408203
39.9077033996582
40.587162017822266
39.51293182373047
37.96653747558594
36.88686752319336
37.53912353515625
38.2150764465332
38.06838607788086
37.560935974121094
39.34884262084961
41.43622970581055
39.832088470458984
39.53025436401367
38.848358154296875
38.90205764770508
40.97692108154297
38.21938705444336
38.02151870727539
37.96685028076172
36.46044921875
37.21469497680664
38.03934860229492
38.57523727416992
39.851226806640625
40.67542266845703
38.82471466064453
38.01700973510742
36.7686882019043
35.89706039428711
37.363922119140625
40.2363395690918
40.34942626953125
41.78141403198242
38.83854293823242
38.038299560546875
37.99735641479492
38.7569580078125
38.42024612426758
38.2646598815918
38.10941696166992
37.42462921142578
36.588680267333984
38.17665481567383
38.824005126953125
40.91872787475586
42.23088455200195
38.59977722167969
37.80093765258789
37.767147064208984
40.75014114379883
38.65444564819336
39.439456939697266
37.694637298583984
38.558998107910156
37.6639289855957
39.505287170410156
39.32017135620117
40.94199752807617
38.138221740722656
39.65298843383789
39.950469970703125
40.24054718017578
40.52580261230469
40.36520004272461
37.589073181152344
36.66717529296875
37.60056686401367
39.55527877807617
40.59332275390625
38.52104568481445
38.64464569091797
40.84022903442383
39.605812072753906
39.6276741027832
39.2982177734375
38.944244384765625
37.22224044799805
36.91350555419922
37.977691650390625
39.07080078125
39.495601654052734
37.38739013671875
36.8452262878418
36.622802734375
38.30819320678711
37.645137786865234
37.245994567871094
40.97574996948242
40.61564254760742
39.38161087036133
40.779659271240234
39.68927764892578
40.38837814331055
38.82568359375
37.85152053833008
38.546875
38.286590576171875
38.79653549194336
41.83109664916992
42.56618118286133
41.769954681396484
42.38536834716797
39.9836311340332
39.4502067565918
40.535221099853516
41.53922653198242
38.86014175415039
37.969234466552734
38.66790771484375
38.982574462890625
38.62485885620117
41.55591583251953
38.260066986083984
41.962989807128906
42.10761642456055
41.39619827270508
42.13824462890625
37.874114990234375
37.81825637817383
40.76894760131836
39.2073974609375
37.92313766479492
39.1671257019043
38.510311126708984
36.36739730834961
37.241268157958984
40.21588134765625
37.550697326660156
38.371376037597656
37.82756423950195
38.90786361694336
44.7387809753418
47.21474838256836
40.48149490356445
43.940879821777344
41.05306625366211
65.33061981201172
80.1514663696289
67.31722259521484
71.20699310302734
81.27416229248047
79.15162658691406
59.2087516784668
60.88933181762695
55.606807708740234
70.50732421875
72.66019439697266
76.3132553100586
69.60086822509766
60.41668701171875
77.11968994140625
51.8045768737793
61.30588912963867
51.46157455444336
46.20356369018555
47.2216911315918
47.8126335144043
37.52900695800781
39.68527603149414
44.45217514038086
40.89863586425781
40.139320373535156
40.16706466674805
39.45267868041992
40.168701171875
40.232147216796875
39.378047943115234
44.0618896484375
44.4510612487793
38.550106048583984
38.25978469848633
37.4081916809082
37.139068603515625
37.43903732299805
37.687862396240234
38.30684280395508
38.26923751831055
36.58698272705078
37.03872299194336
38.395484924316406
38.57999038696289
36.67386245727539
39.90748977661133
39.94683837890625
35.970947265625
36.48967361450195
39.9402961730957
39.993038177490234
41.152828216552734
42.365203857421875
39.85020065307617
37.49761962890625
37.75655746459961
39.65298080444336
39.813743591308594
40.52839279174805
39.95060348510742
40.210567474365234
40.76755905151367
41.60097885131836
40.329376220703125
41.74760055541992
41.27366256713867
41.75383377075195
39.12559509277344
36.87274932861328
37.7498664855957
38.96334457397461
37.305538177490234
39.043487548828125
38.991416931152344
38.75837326049805
39.90928268432617
39.981136322021484
39.8723258972168
39.25033187866211
38.59402084350586
41.88570785522461
41.486446380615234
39.02670669555664
37.73836135864258
38.11199188232422
38.6215705871582
37.850006103515625
38.66062545776367
40.26401138305664
39.619754791259766
39.188941955566406
38.7474365234375
38.78408432006836
39.555633544921875
40.88782501220703
37.37197494506836
40.988765716552734
41.4356803894043
40.485477447509766
42.466636657714844
37.09436798095703
36.1726188659668
37.85987091064453
38.393795013427734
39.602561950683594
38.907527923583984
38.11309051513672
37.32428741455078
38.25513458251953
39.25078201293945
37.030696868896484
38.58112335205078
38.067779541015625
37.10152816772461
38.79621124267578
38.21113967895508
36.43838882446289
36.88460159301758
38.10561752319336
37.60157012939453
38.29046630859375
38.27245330810547
39.396461486816406
40.802162170410156
38.591400146484375
38.769893646240234
37.26582717895508
38.57207107543945
37.642723083496094
41.089168548583984
38.34983444213867
37.87032699584961
38.107818603515625
39.47080993652344
37.65903091430664
43.21628952026367
37.93387985229492
39.896018981933594
37.815338134765625
37.51369094848633
40.59416198730469
40.002525329589844
40.481773376464844
37.971466064453125
39.932037353515625
40.3768424987793
40.36505126953125
41.566471099853516
43.79970169067383
39.61574172973633
39.32084655761719
39.74965286254883
39.12694549560547
38.47187042236328
40.39701843261719
40.29231643676758
37.1042594909668
37.821468353271484
39.07596969604492
39.7141227722168
40.39262771606445
40.29330062866211
36.57902145385742
36.814491271972656
37.30592346191406
37.76233673095703
41.930904388427734
39.71244430541992
38.878177642822266
43.92434310913086
41.73160934448242
39.19758224487305
37.76496887207031
36.61953353881836
38.465572357177734
37.868160247802734
40.10127639770508
40.930458068847656
38.14959716796875
39.78493881225586
38.97256851196289
39.53547286987305
38.37635803222656
38.56570053100586
37.16474533081055
36.54301071166992
39.35084915161133
38.4607048034668
38.513362884521484
37.547210693359375
38.76215744018555
37.761070251464844
37.489662170410156
37.737117767333984
37.01538848876953
39.1697998046875
39.39848709106445
39.07621765136719
38.49512481689453
39.74495315551758
40.58235549926758
38.17752456665039
37.2680549621582
36.90104675292969
36.62236404418945
37.99189758300781
37.67123031616211
40.267330169677734
39.1746826171875
37.31404113769531
37.38595962524414
40.54279708862305
38.082618713378906
37.7387809753418
41.55497360229492
37.65932846069336
38.24396514892578
39.482276916503906
40.65803146362305
55.10248565673828
56.10715866088867
54.47224044799805
56.96383285522461
65.2723388671875
66.48323059082031
62.031227111816406
38.722023010253906
38.89583206176758
38.31780242919922
37.072479248046875
36.65816879272461
37.402984619140625
37.72065353393555
39.12018966674805
38.645442962646484
39.81431579589844
39.21696090698242
42.158058166503906
40.284461975097656
40.51899337768555
38.581756591796875
36.57082748413086
38.681766510009766
40.2273063659668
39.3468132019043
40.73186492919922
38.12947463989258
38.87238693237305
39.2511100769043
40.19106674194336
37.97888946533203
36.85176086425781
36.220115661621094
37.814208984375
37.349334716796875
37.96717071533203
39.9038200378418
43.40847396850586
45.667598724365234
45.80060958862305
49.83720779418945
63.614662170410156
76.9729232788086
67.59974670410156
87.42560577392578
91.864501953125
61.234619140625
92.07041931152344
160.4994659423828
138.35781860351562
392.6728210449219
330.1252136230469
198.4042205810547
101.90119934082031
90.02507781982422
74.19183349609375
74.93318176269531
86.3875961303711
94.4831771850586
77.96915435791016
77.87462615966797
78.0440902709961
76.00992584228516
100.13929748535156
90.8245849609375
97.60363006591797
121.3207015991211
135.71044921875
98.5869369506836
94.33143615722656
105.0256118774414
111.1224594116211
107.7439193725586
127.8723373413086
119.0907211303711
118.14452362060547
100.73316192626953
106.80985260009766
347.4866638183594
131.3874969482422
291.4322814941406
252.90725708007812
515.2044677734375
234.552001953125
249.3954620361328
154.27085876464844
145.0582275390625
196.67100524902344
125.93646240234375
125.53633880615234
139.13702392578125
236.32530212402344
259.7655334472656
456.3841247558594
401.279052734375
226.16983032226562
363.14068603515625
255.74595642089844
388.8280029296875
160.5107421875
214.9069366455078
184.22085571289062
128.5704345703125
132.2936248779297
230.897705078125
170.392822265625
499.5133972167969
252.1918487548828
338.70556640625
420.7966003417969
327.46075439453125
195.9921875
153.04995727539062
134.92539978027344
136.99534606933594
153.54385375976562
183.2899627685547
162.63145446777344
106.05926513671875
95.33930969238281
122.56941223144531
107.5724868774414
85.57565307617188
164.35028076171875
110.8566665649414
164.9866485595703
124.495849609375
142.6694793701172
178.26309204101562
152.1918182373047
103.5071029663086
109.18473052978516
136.96897888183594
170.67723083496094
133.6815185546875
208.4475860595703
104.77901458740234
159.9344024658203
413.0406188964844
195.04991149902344
120.30089569091797
610.8141479492188
519.3521728515625
565.0780029296875
195.3377685546875
320.4832458496094
230.59548950195312
104.82427978515625
90.11639404296875
95.72283172607422
153.80992126464844
101.76509094238281
121.88783264160156
120.13374328613281
129.3053436279297
107.12080383300781
103.30824279785156
97.60719299316406
94.69654846191406
112.79100799560547
87.7582015991211
115.0277099609375
98.06450653076172
98.84554290771484
98.37872314453125
102.86629486083984
95.59785461425781
129.2278594970703
