102.15190124511719
58.264015197753906
52.88493728637695
50.60758590698242
47.81313705444336
48.05409622192383
41.40517044067383
37.01850509643555
52.66415023803711
59.56890869140625
58.00033187866211
54.037567138671875
55.65056228637695
54.8603630065918
42.735286712646484
45.862789154052734
45.019073486328125
50.89544677734375
60.54862594604492
60.2022819519043
65.0869369506836
58.56382369995117
46.34490203857422
53.345802307128906
63.17020797729492
50.50645065307617
44.27924728393555
39.093807220458984
42.73590850830078
46.26117706298828
42.43608474731445
42.97411346435547
64.02302551269531
51.95789337158203
57.24660873413086
57.430660247802734
53.04670333862305
48.649749755859375
52.4317626953125
50.46529006958008
56.97938919067383
58.63666534423828
50.61443328857422
39.673057556152344
41.07869338989258
46.91225051879883
43.70488357543945
51.22571563720703
41.822242736816406
42.62161636352539
43.21438217163086
44.679603576660156
40.844181060791016
39.86030960083008
39.034698486328125
39.01934814453125
43.63286209106445
39.49264144897461
67.21370697021484
64.15715789794922
68.99697875976562
62.6950798034668
53.85121536254883
50.14675521850586
46.90479278564453
47.09256362915039
49.15127182006836
44.791175842285156
46.02598190307617
45.45892333984375
47.91817855834961
42.642704010009766
43.31721496582031
41.07589340209961
42.278316497802734
45.407466888427734
60.5140266418457
67.82200622558594
52.67037582397461
64.66070556640625
72.42327880859375
78.37115478515625
87.7794189453125
73.79254913330078
68.50763702392578
73.97299194335938
83.45379638671875
76.9969482421875
76.30644989013672
70.42996215820312
85.6609115600586
72.69335174560547
81.92830657958984
84.19658660888672
94.45018005371094
86.60018920898438
89.1764144897461
84.1681137084961
84.28446197509766
82.717041015625
75.5520248413086
68.29235076904297
78.76953125
79.30950164794922
71.46187591552734
80.95308685302734
99.12602996826172
88.62886810302734
84.17691802978516
76.6405258178711
100.23603820800781
114.4173583984375
71.53268432617188
81.5162353515625
77.16139221191406
83.29605865478516
88.42537689208984
91.02137756347656
79.7997055053711
114.81294250488281
110.19351959228516
91.93779754638672
82.9184799194336
97.42778015136719
74.96663665771484
81.56800842285156
87.5164566040039
88.89656829833984
95.7148666381836
94.59899139404297
74.71065521240234
80.05272674560547
76.28466796875
75.5781021118164
76.2177963256836
74.05217742919922
98.81794738769531
70.98786926269531
67.67109680175781
83.08367919921875
95.18446350097656
86.47026824951172
86.77608489990234
81.3206787109375
78.97478485107422
86.28252410888672
92.73455047607422
80.0521469116211
86.75853729248047
68.13835906982422
61.0130500793457
63.416866302490234
60.15261459350586
63.39957809448242
62.49451446533203
63.51960372924805
82.16119384765625
106.1375503540039
85.70706176757812
82.34857177734375
106.474853515625
115.3122787475586
98.15448760986328
66.22163391113281
80.34605407714844
76.8001937866211
74.66072082519531
71.5740966796875
83.35004425048828
64.57966613769531
60.7975959777832
67.6583023071289
70.48778533935547
81.84629821777344
67.46673583984375
66.17232513427734
61.4322395324707
58.76258087158203
61.72785568237305
63.61379623413086
68.52177429199219
72.37779998779297
76.14769744873047
76.30455780029297
73.98683166503906
65.73310852050781
73.73372650146484
63.84223556518555
67.2000961303711
67.2615737915039
63.406612396240234
68.0087890625
78.93757629394531
67.1592025756836
66.6911392211914
74.86343383789062
71.50687408447266
74.35944366455078
77.60164642333984
74.83475494384766
68.2340316772461
70.64290618896484
61.6832389831543
75.44390869140625
62.37615966796875
66.55451202392578
68.04642486572266
77.29893493652344
66.67306518554688
79.37981414794922
74.16739654541016
86.2734375
70.0572280883789
66.23360443115234
65.87674713134766
70.9418716430664
75.9311294555664
69.3165054321289
69.63702392578125
67.8074951171875
69.4037857055664
66.97576141357422
68.72529602050781
65.77938079833984
76.54010009765625
74.12747955322266
64.32613372802734
78.20745086669922
88.0250015258789
72.7784423828125
67.66130065917969
69.14900207519531
69.08733367919922
72.5101089477539
71.86659240722656
73.12269592285156
72.40620422363281
75.14652252197266
72.53783416748047
60.82986068725586
52.60091018676758
68.96475982666016
79.53839111328125
65.2215805053711
73.58038330078125
65.89820098876953
66.57823944091797
59.29780197143555
58.756141662597656
55.43449783325195
53.5291748046875
54.742530822753906
53.079994201660156
55.98743438720703
58.45988845825195
58.952125549316406
55.91717529296875
59.0174446105957
56.562171936035156
63.39054489135742
66.7150650024414
68.2907943725586
64.45809173583984
63.318660736083984
68.14208221435547
66.7879867553711
62.084449768066406
65.61553192138672
60.05524826049805
64.62010192871094
73.62312316894531
73.9850082397461
71.16871643066406
65.161865234375
61.73024368286133
73.53679656982422
73.09123992919922
89.83687591552734
101.86360168457031
83.4527816772461
75.49542236328125
71.36517333984375
64.00764465332031
76.11923217773438
74.05546569824219
65.91780853271484
75.61205291748047
71.72237396240234
