91.18077087402344
40.68923568725586
43.22417449951172
38.82470703125
45.22306442260742
40.0565185546875
40.66719436645508
41.52762985229492
43.54267120361328
47.460533142089844
41.47876739501953
40.96677017211914
38.12299728393555
38.13850784301758
39.33137130737305
39.73653030395508
42.277069091796875
56.1081657409668
56.15519332885742
60.87701416015625
43.47347640991211
41.74645233154297
40.66297912597656
40.501564025878906
39.85987091064453
39.45144271850586
39.17466354370117
38.99251937866211
39.88165283203125
39.869232177734375
40.764137268066406
41.762794494628906
39.29307174682617
52.435890197753906
40.89968490600586
40.80208206176758
44.659393310546875
39.967071533203125
39.45149230957031
39.739009857177734
41.691856384277344
40.066776275634766
41.625362396240234
45.654293060302734
41.49950408935547
38.696083068847656
39.47233963012695
46.57667541503906
45.887393951416016
46.4408073425293
53.44392013549805
49.14890670776367
49.1580924987793
45.75556564331055
40.65088653564453
42.13313293457031
47.29847717285156
48.11128616333008
40.75381851196289
52.645416259765625
50.85628128051758
42.2993278503418
40.36702346801758
48.73870849609375
49.93428039550781
51.684444427490234
40.01306915283203
41.49549102783203
41.192745208740234
42.482215881347656
40.954769134521484
42.559120178222656
41.06116485595703
41.72831344604492
409.4269714355469
222.6690216064453
996.9361572265625
572.41455078125
556.8811645507812
325.9137878417969
252.9788055419922
572.8638305664062
690.0392456054688
730.59716796875
855.1671752929688
816.2974853515625
876.8041381835938
962.8466796875
891.8818359375
945.1336059570312
988.0400390625
1447.1453857421875
1313.56982421875
1227.7235107421875
1645.8289794921875
1255.1376953125
1164.4068603515625
1324.535400390625
1108.3770751953125
1256.5357666015625
1006.8114624023438
1176.9837646484375
908.0929565429688
916.7157592773438
901.9490356445312
935.0902709960938
924.1759033203125
786.7835083007812
736.42578125
583.583984375
516.252197265625
542.2311401367188
665.779541015625
456.99951171875
523.8200073242188
733.6173706054688
736.466064453125
842.2219848632812
1256.0701904296875
1372.3212890625
801.4777221679688
742.8634643554688
662.4015502929688
779.72119140625
1882.1917724609375
970.3230590820312
746.0743408203125
621.0107421875
1296.809326171875
895.8544921875
802.3817749023438
752.7048950195312
753.0845336914062
726.6770629882812
859.3720092773438
677.8319702148438
773.0305786132812
611.2693481445312
600.9474487304688
635.5867309570312
696.9581298828125
766.7138671875
867.7039184570312
597.8890380859375
553.6715698242188
1021.7359619140625
2041.970703125
1715.675048828125
1481.2308349609375
1263.9097900390625
1153.292724609375
655.10009765625
913.9454956054688
853.23046875
790.556884765625
933.1788940429688
968.9115600585938
2365.46728515625
929.0046997070312
1833.9898681640625
750.93994140625
490.6421813964844
785.4642944335938
640.8875122070312
1247.3013916015625
1439.0626220703125
1461.703369140625
1575.8330078125
1356.3056640625
1666.3580322265625
1107.3756103515625
731.0167236328125
1331.4107666015625
839.4242553710938
598.1630249023438
719.640625
909.4890747070312
864.1012573242188
585.2352905273438
1260.528564453125
2319.937255859375
1662.412353515625
1360.2900390625
1249.59912109375
696.5534057617188
1825.8759765625
1983.2275390625
1458.9442138671875
904.6306762695312
1123.873046875
700.46826171875
1173.197021484375
1762.5623779296875
1393.8914794921875
1431.9852294921875
800.1486206054688
1200.470703125
636.04248046875
567.2903442382812
1007.8046264648438
1429.579833984375
921.05517578125
1098.3953857421875
968.5131225585938
1200.8389892578125
722.5729370117188
1244.808837890625
1616.1812744140625
1797.99609375
1512.4188232421875
1494.0478515625
1960.1497802734375
871.5439453125
1195.2142333984375
1284.862548828125
704.0728149414062
561.2677001953125
1199.345703125
720.0253295898438
543.7434692382812
783.148681640625
962.4353637695312
1709.3642578125
1451.2640380859375
1464.4078369140625
660.1213989257812
857.1998291015625
245.9127197265625
256.77099609375
465.388671875
691.93310546875
518.9120483398438
706.971923828125
1185.97021484375
1113.23583984375
1393.9932861328125
2138.93603515625
1065.4208984375
1891.4033203125
693.1262817382812
1836.1077880859375
1647.3892822265625
2266.222412109375
2448.994873046875
1590.112060546875
1325.9735107421875
744.8759155273438
2527.381591796875
1334.27294921875
885.73046875
1075.710205078125
1419.9608154296875
687.0151977539062
759.8366088867188
653.4043579101562
935.3487548828125
744.8563842773438
1114.335205078125
812.4414672851562
839.5219116210938
951.0172119140625
811.1260375976562
1082.6533203125
1132.7857666015625
448.6535339355469
396.0696716308594
497.1027526855469
