114.33656311035156
68.67141723632812
70.92991638183594
52.98427200317383
54.52471923828125
64.25395965576172
67.81517028808594
91.74951171875
91.00108337402344
112.56021881103516
114.33656311035156
76.17560577392578
71.84446716308594
53.02914810180664
49.273101806640625
51.72059631347656
48.40872573852539
59.58016586303711
57.24910354614258
60.78157043457031
57.03950119018555
97.36978149414062
92.40030670166016
70.69969940185547
70.21420288085938
69.17952728271484
65.87385559082031
72.44646453857422
74.06290435791016
56.01355743408203
53.45536804199219
61.588523864746094
58.09691619873047
61.09299850463867
62.298648834228516
77.54071807861328
70.7971420288086
84.92144012451172
81.4782485961914
65.54351806640625
63.970298767089844
67.23011779785156
66.0656509399414
78.84015655517578
77.72428131103516
82.8674545288086
82.40843200683594
78.85945129394531
79.32023620605469
69.67337799072266
69.64048767089844
72.01133728027344
73.5687484741211
69.32168579101562
71.04454040527344
67.0152587890625
65.82917022705078
70.5694351196289
64.23385620117188
53.953277587890625
51.39823532104492
56.06673049926758
54.39596939086914
62.18701934814453
61.12626266479492
57.40126419067383
58.67671203613281
62.816261291503906
62.164669036865234
72.28581237792969
73.2152328491211
60.02518081665039
59.17930221557617
71.35321807861328
64.79291534423828
59.062950134277344
57.011375427246094
58.631587982177734
55.58912658691406
55.7474250793457
53.29922866821289
53.382835388183594
50.323307037353516
64.9268798828125
64.4617691040039
57.54446029663086
59.65974807739258
60.943511962890625
62.63103103637695
59.46556854248047
60.295867919921875
47.428497314453125
47.476280212402344
38.42463684082031
38.83687973022461
39.02021408081055
39.0472412109375
49.46735382080078
50.17217254638672
50.632606506347656
51.46678161621094
38.21811294555664
39.83953857421875
45.131309509277344
47.96307373046875
43.4019889831543
44.087684631347656
36.26720428466797
39.22751998901367
35.14004898071289
34.9442024230957
34.938934326171875
34.56792068481445
34.0504150390625
35.80195999145508
35.10959243774414
36.588523864746094
35.02183151245117
36.45428466796875
35.01543045043945
35.60932922363281
34.44771957397461
35.244773864746094
34.75810241699219
36.257667541503906
35.38702392578125
37.06003189086914
34.22687911987305
36.387027740478516
34.212867736816406
36.426204681396484
34.806827545166016
35.813961029052734
40.8455924987793
42.134132385253906
69.1513900756836
66.89321899414062
69.511474609375
72.95744323730469
75.28397369384766
76.19720458984375
73.3882827758789
74.26895141601562
52.151390075683594
52.31613540649414
34.181671142578125
34.877586364746094
33.940616607666016
35.87398910522461
38.79139709472656
41.01388168334961
46.237510681152344
46.0139045715332
45.54872512817383
44.839019775390625
58.42795944213867
58.26032257080078
55.22870635986328
55.78870391845703
50.14871597290039
47.735015869140625
52.49611282348633
52.80867385864258
74.94171905517578
79.98576354980469
73.72955322265625
77.28675079345703
57.797035217285156
63.10340881347656
61.784912109375
61.41699981689453
35.93197250366211
38.95822525024414
35.82695388793945
35.683815002441406
36.97416305541992
36.43946075439453
37.152896881103516
36.67678451538086
35.632930755615234
35.11747741699219
35.385215759277344
34.94368362426758
36.2552490234375
34.907005310058594
35.48868942260742
35.487457275390625
36.12812042236328
35.33589172363281
36.608612060546875
35.611392974853516
37.08183288574219
34.9600944519043
36.293739318847656
34.76728439331055
36.39335632324219
34.414676666259766
35.904296875
35.41524124145508
36.46559143066406
35.9755973815918
36.364933013916016
35.20710754394531
36.6021614074707
35.75577926635742
37.292903900146484
36.46022033691406
36.87671661376953
35.70369338989258
37.79146194458008
35.349769592285156
37.070796966552734
36.093257904052734
37.54910659790039
36.55645751953125
37.263832092285156
36.003780364990234
38.177120208740234
35.5929069519043
37.88926696777344
36.333213806152344
37.545597076416016
36.279640197753906
37.17247772216797
35.662330627441406
37.045223236083984
35.5633544921875
37.074371337890625
35.810123443603516
37.948692321777344
36.78498458862305
37.266475677490234
36.559112548828125
37.209136962890625
36.74055862426758
36.37666702270508
36.247310638427734
41.09762191772461
43.414066314697266
44.78710174560547
48.285953521728516
48.84518814086914
49.81886291503906
45.502559661865234
45.43941879272461
41.710933685302734
43.04065704345703
40.553104400634766
41.2808723449707
44.371856689453125
44.47629928588867
47.10628890991211
46.50127029418945
57.50975799560547
59.854881286621094
73.79167938232422
75.40655517578125
76.19205474853516
77.32941436767578
75.95288848876953
74.32693481445312
72.89893341064453
75.25209045410156
69.570068359375
69.08201599121094
95.69805908203125
87.89805603027344
91.96456146240234
90.57902526855469
75.10214233398438
73.58384704589844
68.36286926269531
67.01470947265625
79.8386459350586
77.2667236328125
88.64309692382812
89.47039031982422
77.43980407714844
78.06962585449219
97.88809204101562
98.15571594238281
70.52008056640625
71.05342102050781
69.77784729003906
68.70408630371094
60.21095657348633
59.11359786987305
72.50909423828125
71.53015899658203
59.762779235839844
66.8782730102539
74.26531982421875
75.91161346435547
66.60079956054688
67.13489532470703
79.41526794433594
82.42137908935547
87.79032135009766
91.79389190673828
103.79727935791016
109.66372680664062
88.59489440917969
94.64500427246094
116.84423828125
121.5612564086914
94.71015167236328
96.19163513183594
86.20748138427734
87.0942153930664
89.28422546386719
90.20299530029297
85.03588104248047
85.46778106689453
85.89456939697266
86.88726806640625
79.99641418457031
81.19184875488281
85.17379760742188
86.46012115478516
94.11004638671875
94.8532943725586
87.68687438964844
88.21719360351562
