103.25208282470703
41.89181900024414
39.999244689941406
41.80360412597656
39.867164611816406
42.368709564208984
41.322994232177734
40.19095230102539
38.93183135986328
42.29632568359375
39.681827545166016
40.97142028808594
40.224586486816406
47.67811584472656
42.203372955322266
46.540348052978516
43.391990661621094
48.218379974365234
46.454872131347656
46.768253326416016
44.76010513305664
44.49003982543945
41.90361022949219
47.0393180847168
45.30855941772461
60.22251510620117
59.61427307128906
101.68775939941406
101.04254150390625
81.1336898803711
77.82710266113281
94.65487670898438
89.63553619384766
75.43283081054688
74.87718963623047
87.35314178466797
85.67474365234375
64.51115417480469
63.594146728515625
64.371826171875
62.6917724609375
56.01813888549805
52.681034088134766
103.25208282470703
100.74095916748047
68.21675109863281
66.33863067626953
93.93915557861328
93.49503326416016
82.86385345458984
77.76895904541016
77.70496368408203
72.24662017822266
95.80187225341797
92.8675308227539
59.414833068847656
53.968509674072266
71.28144836425781
68.77500915527344
66.1005630493164
54.12199020385742
43.75811767578125
42.2988166809082
42.9492073059082
40.56365966796875
44.24082565307617
42.9044303894043
45.853370666503906
43.406856536865234
47.316368103027344
44.49225997924805
44.5036506652832
43.30238342285156
44.664512634277344
42.96908950805664
43.746849060058594
41.44479751586914
42.87287902832031
40.71200942993164
43.807212829589844
41.71073913574219
45.69668197631836
42.86474609375
44.234947204589844
41.71576690673828
46.780601501464844
45.1268196105957
50.878963470458984
49.025081634521484
46.193939208984375
43.281715393066406
40.9307861328125
40.17292404174805
40.9118766784668
38.67985153198242
40.45870590209961
38.79939270019531
40.37556457519531
38.735435485839844
40.81694030761719
40.95000457763672
40.96753692626953
41.144840240478516
38.523193359375
39.02351760864258
41.44108200073242
39.07518005371094
41.12849044799805
39.77157974243164
44.52715301513672
41.26168441772461
43.201507568359375
42.290130615234375
45.364192962646484
42.73000717163086
40.55165100097656
40.27618408203125
45.96709442138672
43.2108039855957
43.104408264160156
41.008384704589844
41.10907745361328
38.82608413696289
41.73528289794922
39.22295379638672
45.5001220703125
42.919517517089844
43.57155990600586
41.40809631347656
42.409156799316406
41.31198501586914
44.326812744140625
42.74436950683594
45.60820007324219
44.144134521484375
42.106632232666016
39.88468933105469
47.73435974121094
44.92045211791992
47.19537353515625
44.229270935058594
43.119598388671875
40.731224060058594
42.61370849609375
40.35247802734375
44.13628005981445
42.05573654174805
46.771270751953125
44.56098556518555
48.988006591796875
46.01426315307617
45.75520706176758
44.325286865234375
46.537322998046875
44.82783889770508
46.198795318603516
44.07063293457031
50.33199691772461
48.046531677246094
44.92207336425781
42.434913635253906
43.685752868652344
41.07180404663086
39.60771942138672
39.38695526123047
41.00856399536133
38.86261749267578
42.594661712646484
40.58906936645508
42.01759338378906
40.964988708496094
41.543052673339844
40.55459976196289
43.95317077636719
41.35664367675781
41.81001281738281
41.90254211425781
41.487152099609375
39.856300354003906
42.99614334106445
40.424869537353516
48.68522262573242
45.70127487182617
45.062255859375
42.174217224121094
46.02542495727539
44.329185485839844
45.10577392578125
42.909481048583984
41.884586334228516
39.57586669921875
43.67491912841797
40.68924331665039
42.434452056884766
40.70762252807617
44.6071891784668
41.95222473144531
40.49359893798828
39.58454895019531
42.442291259765625
42.1635856628418
44.71086883544922
41.08955383300781
46.30841827392578
42.5821647644043
42.71522903442383
40.883155822753906
45.196998596191406
43.012699127197266
43.49753952026367
41.6690673828125
42.888153076171875
40.63164138793945
42.9521369934082
41.20222854614258
45.02342987060547
42.55099105834961
47.28020477294922
43.26581954956055
46.30978012084961
43.75994110107422
46.16328811645508
42.05379104614258
44.959869384765625
42.3407096862793
44.38376998901367
41.562721252441406
40.08626937866211
39.300479888916016
41.091270446777344
40.49252700805664
47.12639236450195
43.85466766357422
45.6630744934082
43.68171691894531
40.68521499633789
39.788246154785156
40.446685791015625
39.75312423706055
41.814056396484375
41.00474166870117
41.095802307128906
38.62400436401367
43.642677307128906
41.37424850463867
42.917083740234375
40.094600677490234
42.82353591918945
39.167659759521484
41.03757858276367
37.80610275268555
41.49595260620117
38.33202362060547
45.76176071166992
42.92184829711914
44.50191116333008
41.80681228637695
39.57487487792969
39.77294158935547
40.24150085449219
38.63087844848633
38.88191223144531
36.675621032714844
40.521148681640625
38.7877311706543
43.921932220458984
43.29273223876953
41.689022064208984
40.97481155395508
45.7063102722168
43.664119720458984
47.18174743652344
43.625633239746094
45.04347229003906
42.16683578491211
41.921234130859375
40.11933135986328
44.93915939331055
42.15884017944336
41.60896301269531
39.209022521972656
40.51393508911133
39.54265594482422
42.8532829284668
40.68345642089844
44.87467575073242
42.08294677734375
44.064517974853516
41.470218658447266
41.246192932128906
40.430843353271484
41.72407913208008
39.470237731933594
42.46614456176758
40.94048309326172
40.86184310913086
37.846195220947266
44.98095703125
41.50958251953125
44.30379867553711
40.956607818603516
45.75374984741211
43.94712448120117
42.89948272705078
40.87668991088867
42.626522064208984
40.163818359375
47.3810920715332
43.26694107055664
48.11354446411133
42.94135665893555
43.721900939941406
40.80295181274414
44.440670013427734
41.9852180480957
46.47236633300781
43.59267044067383
47.76081085205078
44.92350387573242
45.03086853027344
42.33713912963867
48.54488754272461
45.25012969970703
44.209800720214844
42.92272186279297
47.46733856201172
45.112693786621094
47.630496978759766
44.98341751098633
41.2078857421875
41.42255783081055
42.32332229614258
41.30013656616211
40.99458312988281
40.13826370239258
42.47445297241211
40.4282341003418
43.070823669433594
41.17528533935547
38.36803436279297
37.73672866821289
41.22933578491211
40.23116683959961
44.14132308959961
41.02680206298828
46.765140533447266
42.44888687133789
44.59116744995117
41.93850326538086
43.481563568115234
42.05887222290039
38.679630279541016
37.66096115112305
39.25164031982422
39.09237289428711
39.98844528198242
38.520992279052734
39.522823333740234
39.35804748535156
41.58272933959961
40.268795013427734
40.8238639831543
40.71562576293945
49.55626678466797
45.81047058105469
52.0261116027832
48.04960250854492
50.63875198364258
47.50667953491211
44.22854995727539
41.82475280761719
40.43880081176758
37.946990966796875
43.13618087768555
40.36005783081055
43.78269958496094
40.09892272949219
44.48369216918945
41.330726623535156
46.538578033447266
42.988033294677734
45.48490524291992
42.5321044921875
40.7257080078125
39.111324310302734
48.55647277832031
45.728450775146484
44.73799514770508
41.97358322143555
45.03386688232422
42.09547805786133
42.847591400146484
39.8614387512207
38.89345169067383
37.92213439941406
39.623966217041016
37.02448654174805
44.97560501098633
41.99448776245117
42.849674224853516
42.735504150390625
40.07947540283203
39.30738067626953
41.33317565917969
39.071937561035156
42.69253921508789
41.27654266357422
40.220252990722656
39.72085189819336
40.973018646240234
41.4072380065918
39.683963775634766
39.168907165527344
44.098411560058594
41.7000617980957
43.91747283935547
40.36042785644531
41.40536880493164
40.05014419555664
42.66299057006836
39.4958381652832
44.246028900146484
41.4533805847168
45.22659683227539
41.76873016357422
47.014156341552734
43.64152908325195
47.088802337646484
44.74685287475586
42.68551254272461
39.8305549621582
43.729698181152344
39.880496978759766
44.41839599609375
41.514869689941406
42.1352653503418
39.77028274536133
42.576560974121094
40.060977935791016
41.73707580566406
40.49103927612305
41.75493240356445
40.290382385253906
42.165714263916016
40.025230407714844
41.58861541748047
39.742645263671875
40.50815200805664
40.217079162597656
38.07466506958008
38.3425178527832
40.79145431518555
38.793479919433594
43.75537872314453
41.04637908935547
45.411685943603516
42.351531982421875
44.050838470458984
42.75864028930664
42.008567810058594
43.04453659057617
45.887020111083984
47.82586669921875
48.95290756225586
48.4318962097168
62.6135368347168
57.86261749267578
66.32931518554688
61.24885559082031
47.82114791870117
45.913021087646484
82.06903839111328
82.23463439941406
96.67922973632812
92.82306671142578
72.27034759521484
67.96049499511719
41.86135482788086
40.573219299316406
42.11778259277344
40.11054229736328
47.26250076293945
44.46928405761719
44.886322021484375
42.90739059448242
41.85948944091797
38.79458999633789
42.77115249633789
40.1693229675293
46.96701431274414
43.044010162353516
45.8834228515625
41.52426528930664
45.95504379272461
42.19300842285156
49.6591796875
46.21725082397461
44.48648452758789
40.136375427246094
43.43519592285156
40.77589797973633
44.01295852661133
40.50731658935547
42.78398132324219
41.862205505371094
44.188270568847656
43.869075775146484
43.84105682373047
41.7963981628418
40.95598220825195
38.97627639770508
42.78544235229492
41.38512420654297
40.770225524902344
39.69349670410156
42.11594772338867
41.042213439941406
42.62183380126953
42.36050033569336
44.96663284301758
42.891353607177734
47.562591552734375
45.17864990234375
42.63634490966797
41.11136245727539
41.033119201660156
38.890804290771484
42.432655334472656
40.52657699584961
40.55195999145508
39.18684387207031
44.93878173828125
42.97549819946289
40.69023132324219
39.40757369995117
40.81784439086914
39.58071517944336
44.826820373535156
42.724220275878906
44.98457717895508
43.457950592041016
45.057044982910156
44.86137008666992
50.33965301513672
49.01483917236328
56.50086975097656
54.737464904785156
53.93621063232422
52.264244079589844
84.41191101074219
80.87298583984375
96.7972640991211
98.16472625732422
88.28190612792969
93.02285766601562
95.3316421508789
95.18841552734375
92.38356018066406
92.80775451660156
70.93054962158203
69.24166870117188
126.20198822021484
124.10780334472656
192.5021514892578
189.53041076660156
254.8795623779297
255.21121215820312
333.3452453613281
333.236083984375
418.8810119628906
417.9843444824219
340.4652099609375
340.1238708496094
104.4068603515625
104.08338928222656
79.91574096679688
81.45762634277344
86.9458999633789
93.82044982910156
80.93910217285156
83.82221221923828
106.9020004272461
112.9063720703125
87.44525909423828
93.0753402709961
86.99430847167969
90.30765533447266
72.3243637084961
78.32565307617188
82.06214904785156
92.16375732421875
93.13607788085938
109.38948059082031
107.48583984375
121.94099426269531
111.53936767578125
109.07591247558594
124.4109115600586
125.69644165039062
145.36944580078125
146.29676818847656
114.29312896728516
117.97310638427734
124.05809020996094
121.38944244384766
116.1878890991211
114.6681900024414
118.20907592773438
116.98067474365234
122.00084686279297
124.9649658203125
117.21405792236328
114.66647338867188
117.33523559570312
117.4646224975586
138.71875
136.0621795654297
141.4945831298828
142.68016052246094
119.06253814697266
124.57110595703125
124.12284851074219
129.622314453125
313.69390869140625
316.77398681640625
148.15452575683594
159.44976806640625
142.2747802734375
145.51376342773438
180.6267547607422
179.473388671875
257.44866943359375
258.8488464355469
307.5569763183594
307.81048583984375
283.3868408203125
290.1433410644531
142.62139892578125
143.56190490722656
199.953125
200.14959716796875
213.3726043701172
213.14059448242188
174.9592742919922
173.37542724609375
344.80108642578125
344.50445556640625
329.39630126953125
329.4571533203125
444.71380615234375
444.8571472167969
206.21893310546875
206.27256774902344
365.8023376464844
356.2066650390625
454.167724609375
453.8855285644531
350.0749206542969
349.34051513671875
404.106201171875
404.41455078125
298.1868896484375
297.2838134765625
156.00531005859375
155.3346710205078
186.28115844726562
186.7047882080078
162.83279418945312
143.6959991455078
132.3324432373047
134.22793579101562
146.0824432373047
148.2998046875
167.95933532714844
155.073486328125
251.23907470703125
252.41358947753906
374.2777404785156
373.2174377441406
429.4793701171875
430.34613037109375
442.0489196777344
442.3519592285156
279.4615173339844
279.0571594238281
469.9390869140625
471.4642028808594
287.1448974609375
286.66119384765625
172.8096923828125
180.87457275390625
125.41300201416016
132.35926818847656
134.78244018554688
150.75596618652344
136.36422729492188
130.95506286621094
120.27639770507812
119.39900970458984
181.5874481201172
180.86752319335938
133.03050231933594
132.29917907714844
110.65474700927734
114.3228530883789
119.30722045898438
123.23242950439453
143.00784301757812
147.40921020507812
87.00398254394531
89.09288787841797
122.46109771728516
125.23959350585938
156.41090393066406
164.22750854492188
188.98069763183594
199.31216430664062
254.32659912109375
254.35858154296875
132.83335876464844
141.79934692382812
153.80052185058594
154.8765106201172
128.3234100341797
145.74652099609375
114.45801544189453
119.85011291503906
116.82698822021484
126.28617858886719
124.4938735961914
133.9136962890625
