27.266632080078125
22.32737922668457
22.242082595825195
19.648466110229492
19.81168556213379
18.894184112548828
19.385482788085938
19.996946334838867
20.715911865234375
20.677597045898438
22.029998779296875
22.122121810913086
22.64826774597168
22.69704246520996
23.839685440063477
22.299915313720703
20.68169593811035
22.54168128967285
23.087665557861328
21.98305892944336
24.473690032958984
23.58911895751953
23.875205993652344
23.26783561706543
25.083776473999023
24.07112693786621
24.741865158081055
21.554916381835938
22.1895809173584
22.79866600036621
21.41526985168457
20.826807022094727
20.26063346862793
17.022409439086914
18.419767379760742
18.73982810974121
23.45435905456543
17.782428741455078
19.373323440551758
18.54908561706543
17.848953247070312
19.558691024780273
17.598682403564453
20.409181594848633
16.608667373657227
20.865598678588867
20.586084365844727
18.752492904663086
18.436052322387695
20.550817489624023
20.867015838623047
23.01698112487793
22.47718620300293
22.141935348510742
25.016036987304688
25.74692153930664
23.13956642150879
26.12965202331543
28.864734649658203
26.43868064880371
30.258777618408203
31.926923751831055
25.17462158203125
28.327392578125
28.80535316467285
25.907642364501953
26.256393432617188
31.580854415893555
36.71155548095703
33.5088996887207
35.271209716796875
27.782154083251953
22.03980827331543
21.681842803955078
22.264202117919922
26.3751163482666
31.41657066345215
30.99407958984375
31.11871337890625
39.3721923828125
32.14500045776367
33.89113235473633
36.26153564453125
31.708051681518555
38.45851516723633
34.985931396484375
31.427417755126953
22.82162094116211
22.953338623046875
21.835268020629883
23.831043243408203
28.592182159423828
29.313220977783203
27.073816299438477
28.60735511779785
31.2122802734375
31.702024459838867
28.54756736755371
25.924726486206055
25.428974151611328
24.828527450561523
26.022729873657227
25.14504051208496
26.651662826538086
27.959197998046875
26.601093292236328
23.77155876159668
25.393598556518555
25.771610260009766
29.67632484436035
28.507654190063477
28.989089965820312
28.90598487854004
31.042266845703125
32.48740005493164
29.143203735351562
28.964075088500977
28.061481475830078
28.417129516601562
30.664716720581055
33.75048065185547
26.16471290588379
28.85276222229004
28.92694091796875
32.72064971923828
37.24273681640625
34.49525833129883
33.64228820800781
32.590267181396484
33.51923751831055
31.109180450439453
30.2757625579834
31.860092163085938
30.28511619567871
32.239471435546875
29.416458129882812
27.184301376342773
28.429840087890625
29.9552059173584
31.4953556060791
29.480005264282227
32.133644104003906
25.010570526123047
28.379735946655273
29.14165687561035
38.35299301147461
29.488727569580078
27.24163246154785
25.375320434570312
25.58197021484375
26.193323135375977
26.94064712524414
29.009328842163086
24.3314151763916
28.28460121154785
28.31343650817871
30.185501098632812
28.590076446533203
31.930322647094727
33.81611633300781
31.156147003173828
32.31772994995117
33.04553985595703
29.702411651611328
35.19818115234375
32.90729522705078
37.98432922363281
33.907039642333984
31.443939208984375
36.04242706298828
32.6163215637207
40.54182815551758
34.8618278503418
33.729156494140625
37.973114013671875
35.37197494506836
30.518163681030273
29.915496826171875
31.822635650634766
31.777957916259766
28.58672523498535
27.85029411315918
28.436254501342773
28.345190048217773
26.884931564331055
29.11911392211914
24.433780670166016
27.390607833862305
27.266260147094727
28.98040771484375
26.112991333007812
28.516386032104492
27.489099502563477
27.931875228881836
27.659921646118164
26.67022132873535
26.6131534576416
26.61036491394043
32.713619232177734
36.895233154296875
30.016571044921875
26.68212890625
29.723230361938477
28.927576065063477
28.66885757446289
26.697834014892578
28.422439575195312
32.235111236572266
31.099027633666992
28.526880264282227
29.5695858001709
28.13956642150879
29.056692123413086
30.537094116210938
28.338632583618164
30.798810958862305
31.281280517578125
36.03431701660156
30.31671714782715
29.1666316986084
