107.27027130126953
62.27043533325195
59.79643249511719
60.1142578125
56.721405029296875
62.55695343017578
57.41272735595703
55.023311614990234
52.37900161743164
53.1215934753418
50.44402313232422
48.32870864868164
47.34642791748047
58.759727478027344
59.06340408325195
62.31584548950195
62.66733169555664
61.23664855957031
59.71172332763672
67.12956237792969
67.56474304199219
68.13755798339844
66.63408660888672
85.57213592529297
88.20849609375
80.71282196044922
83.7540283203125
69.59490203857422
66.93963623046875
41.46201705932617
39.210693359375
39.79329299926758
37.815589904785156
39.6788330078125
37.908050537109375
39.67780303955078
38.3167610168457
40.44610595703125
38.73509979248047
39.529701232910156
38.278587341308594
37.90272903442383
38.028724670410156
38.53115463256836
37.15483474731445
38.13962173461914
37.63406753540039
37.883087158203125
36.60623550415039
37.685176849365234
37.661109924316406
38.0907096862793
37.24574279785156
37.15735626220703
36.396183013916016
38.111724853515625
36.71902847290039
37.717864990234375
36.62709045410156
66.85192108154297
64.97732543945312
80.11144256591797
77.55349731445312
99.62797546386719
93.87991333007812
83.418701171875
84.33770751953125
59.75578689575195
61.15960693359375
66.3331069946289
65.40621185302734
73.00812530517578
70.94959259033203
73.69158172607422
71.37020874023438
69.75520324707031
70.33428955078125
61.75728988647461
61.34003829956055
83.838134765625
80.21149444580078
71.70244598388672
70.98371124267578
105.50873565673828
107.27027130126953
75.29717254638672
73.20560455322266
91.20179748535156
96.17325592041016
74.47534942626953
72.9360580444336
78.63373565673828
76.79351806640625
62.782691955566406
59.80560302734375
40.129905700683594
37.391380310058594
37.88552474975586
36.55250549316406
39.937255859375
38.17788314819336
39.1505126953125
37.206932067871094
40.257484436035156
37.51008987426758
39.10437774658203
37.512939453125
40.957115173339844
38.49312210083008
38.67754364013672
37.277557373046875
40.884578704833984
37.98430633544922
40.371429443359375
37.646732330322266
41.268638610839844
38.731056213378906
39.189002990722656
36.593719482421875
40.37883758544922
37.99695587158203
38.279117584228516
36.47978973388672
38.92416763305664
36.61125183105469
38.91800308227539
36.77674102783203
38.819984436035156
36.59674835205078
40.57480239868164
38.1081657409668
37.964359283447266
36.102821350097656
40.48894119262695
37.09774398803711
38.6693229675293
37.10683059692383
39.389251708984375
36.45903396606445
38.367923736572266
36.78706741333008
39.11879348754883
36.251708984375
38.086090087890625
36.57429885864258
38.70799255371094
36.56683349609375
38.253292083740234
37.33924102783203
39.12000274658203
36.87748336791992
38.12257385253906
36.22690963745117
39.5225830078125
41.29957962036133
67.11814880371094
66.51131439208984
69.50859832763672
68.1795654296875
71.55999755859375
71.04800415039062
68.62944793701172
65.52399444580078
77.63092041015625
77.43021392822266
67.12690734863281
62.56687545776367
78.00035858154297
78.40217590332031
98.21121978759766
98.36962127685547
93.41444396972656
89.68070220947266
85.97171783447266
86.19633483886719
102.43091583251953
102.70331573486328
122.11412811279297
121.83174896240234
105.26014709472656
103.4629898071289
107.16334533691406
108.01539611816406
121.03807067871094
122.3935546875
102.7727279663086
102.39727783203125
116.43522644042969
114.71293640136719
118.58390808105469
121.05313873291016
110.95478057861328
110.55323791503906
130.03125
123.48766326904297
113.70526123046875
114.26941680908203
116.61872100830078
120.7399673461914
124.82867431640625
123.78633880615234
133.16319274902344
127.49320983886719
116.9271469116211
114.0248794555664
108.1261978149414
105.9273681640625
108.98616027832031
106.68609619140625
111.26097869873047
109.9056167602539
108.7695083618164
107.08755493164062
117.3724365234375
115.53868865966797
108.61768341064453
106.3449935913086
102.044921875
100.48175811767578
100.35967254638672
98.05493927001953
104.910400390625
101.47211456298828
115.38705444335938
112.87400817871094
103.11768341064453
102.85014343261719
109.13524627685547
109.1650161743164
123.28266143798828
120.9974365234375
104.03474426269531
103.75434112548828
121.0698471069336
117.386474609375
105.2331771850586
103.907470703125
102.5364761352539
102.77218627929688
100.98408508300781
101.85093688964844
113.68310546875
112.72867584228516
120.15714263916016
116.91082000732422
130.21487426757812
130.3774871826172
122.23812103271484
116.27545166015625
116.55780792236328
110.10701751708984
118.97293853759766
117.46858978271484
118.09879302978516
116.64551544189453
109.92292022705078
108.93196868896484
109.96467590332031
109.03041076660156
106.12085723876953
106.28352355957031
111.67367553710938
110.17203521728516
110.53911590576172
107.9606704711914
110.27560424804688
108.04747772216797
109.64320373535156
108.22976684570312
98.69436645507812
98.58715057373047
109.13040161132812
105.77798461914062
110.01535034179688
107.54315185546875
107.73217010498047
106.29088592529297
104.42442321777344
105.01114654541016
91.9930648803711
90.62820434570312
92.60369110107422
91.55473327636719
113.86177062988281
113.86161041259766
111.3403549194336
111.31485748291016
105.58931732177734
106.03349304199219
105.08474731445312
105.57319641113281
96.60673522949219
97.01162719726562
100.21820068359375
99.54673767089844
97.55638122558594
97.05233764648438
102.71955108642578
101.9750747680664
104.46581268310547
103.6260757446289
100.06401062011719
99.5771713256836
107.90404510498047
107.2437744140625
107.90837860107422
107.3945541381836
109.6351089477539
109.30596160888672
115.94924926757812
113.90913391113281
123.52438354492188
118.77220916748047
113.4393081665039
110.87319946289062
119.34387969970703
115.82254028320312
115.96432495117188
113.07318115234375
125.30432891845703
121.5278091430664
132.10841369628906
128.72669982910156
115.52203369140625
116.84800720214844
113.97525024414062
110.02444458007812
105.51980590820312
103.57785034179688
105.9513931274414
101.67401885986328
121.63045501708984
117.9266586303711
129.70242309570312
125.32255554199219
82.23448944091797
79.73590087890625
87.97428894042969
84.27423858642578
94.21920013427734
90.2246322631836
100.92250061035156
96.86910247802734
94.54112243652344
88.56830596923828
84.8091049194336
81.96382904052734
73.29357147216797
69.76551818847656
69.84249114990234
67.02505493164062
75.40815734863281
71.22767639160156
83.58222198486328
82.56058502197266
96.93156433105469
93.89388275146484
96.53148651123047
92.32205200195312
125.76073455810547
118.08504486083984
116.94707489013672
110.23924255371094
125.5773696899414
118.64925384521484
113.81867218017578
109.69857788085938
126.45744323730469
119.00992584228516
122.02511596679688
117.26947784423828
116.34040832519531
110.37803649902344
94.4703140258789
88.8224868774414
88.70075988769531
80.95357513427734
101.35165405273438
104.4606704711914
112.17914581298828
112.74867248535156
75.37508392333984
79.22052764892578
98.35565185546875
100.2005615234375
112.99522399902344
112.6142807006836
113.39713287353516
113.13085174560547
102.32050323486328
102.39141845703125
100.7840576171875
99.09163665771484
78.6506118774414
80.34298706054688
76.01522827148438
76.64629364013672
82.53562927246094
81.26475524902344
88.16327667236328
86.8384017944336
73.45455932617188
69.56390380859375
81.25081634521484
78.85781860351562
77.23465728759766
73.59073638916016
87.39632415771484
82.00541687011719
89.64767456054688
84.72924041748047
98.02836608886719
95.30006408691406
82.33905792236328
79.13085174560547
85.8078842163086
82.16873931884766
89.31233215332031
83.19733428955078
86.79231262207031
83.7635269165039
92.52030181884766
89.1373062133789
104.53287506103516
102.46407318115234
93.30912780761719
89.55748748779297
94.18356323242188
92.24472045898438
74.36398315429688
72.94129180908203
80.5004653930664
77.4932861328125
86.18265533447266
83.12995910644531
92.49848937988281
88.7786865234375
95.28620910644531
98.6818618774414
88.6051025390625
92.22305297851562
105.56083679199219
107.70460510253906
90.155517578125
90.39221954345703
84.33843231201172
83.41251373291016
80.70234680175781
76.95306396484375
85.7545166015625
87.20980834960938
78.74198913574219
77.47203063964844
84.42646026611328
84.63208770751953
