71.69902038574219
41.997802734375
40.719913482666016
36.948402404785156
36.21328353881836
36.77032470703125
36.89094161987305
38.97748565673828
38.84812545776367
59.202064514160156
61.82576370239258
39.23973083496094
40.34748458862305
40.62821960449219
41.16537094116211
41.21543502807617
40.78077697753906
42.56249237060547
44.69655990600586
61.0451774597168
58.45806121826172
63.66353988647461
61.886253356933594
57.31940841674805
59.18145751953125
69.27264404296875
71.69902038574219
63.381343841552734
65.96077728271484
65.43293762207031
66.21544647216797
53.473541259765625
58.527442932128906
50.2763557434082
54.43614196777344
41.757633209228516
41.9686164855957
38.66554641723633
37.89805603027344
43.41945266723633
41.791717529296875
47.308494567871094
48.941261291503906
39.43475341796875
39.78947448730469
41.21723937988281
40.88419723510742
49.0767936706543
51.41414260864258
61.120880126953125
62.13274002075195
70.72514343261719
64.81103515625
62.18082046508789
56.93601989746094
77.97683715820312
74.36038208007812
62.50605010986328
62.18165969848633
152.75904846191406
158.6802215576172
134.86866760253906
158.7080535888672
107.76292419433594
120.71145629882812
71.49935913085938
73.67159271240234
82.4034652709961
85.90550231933594
72.51298522949219
73.04338073730469
57.8320198059082
57.26042175292969
59.32143783569336
59.32159423828125
56.09165954589844
56.97892761230469
51.258575439453125
52.46421432495117
50.43317794799805
51.50440979003906
60.48447799682617
61.33034133911133
73.25922393798828
71.86070251464844
68.11996459960938
66.67218780517578
81.7863540649414
79.84034729003906
66.8956527709961
67.95951080322266
50.50468444824219
51.998043060302734
70.67262268066406
68.97650909423828
53.99972152709961
54.703311920166016
51.41761779785156
50.35546875
53.63429260253906
55.613861083984375
62.12812042236328
60.94917297363281
55.07847595214844
55.62076950073242
59.48214340209961
59.91843795776367
54.45955276489258
55.12705612182617
57.60356903076172
58.92905044555664
58.23069381713867
59.36600112915039
66.04302978515625
67.8024673461914
66.43438720703125
68.5677261352539
60.95126724243164
62.52534103393555
63.88313674926758
63.384342193603516
57.389671325683594
56.76496505737305
69.60728454589844
68.59656524658203
64.7235107421875
65.70397186279297
73.22055053710938
70.56748962402344
70.0656509399414
67.0488052368164
59.33094024658203
58.596412658691406
50.88652420043945
52.17145538330078
48.54499816894531
49.03012466430664
51.679988861083984
51.89479064941406
67.81084442138672
70.33470916748047
51.11872482299805
54.21027374267578
76.5418472290039
75.49188232421875
69.37942504882812
67.55477905273438
59.826534271240234
58.87630844116211
74.10389709472656
74.65373992919922
92.06031036376953
100.07966613769531
129.93179321289062
124.87239074707031
80.26183319091797
80.67306518554688
105.9636459350586
109.20911407470703
77.18756103515625
81.19269561767578
53.75657272338867
57.132877349853516
57.07183837890625
56.332706451416016
52.386474609375
49.316463470458984
57.39132308959961
57.08821105957031
72.83907318115234
77.15412902832031
75.73465728759766
80.42618560791016
86.93839263916016
90.73173522949219
95.60643005371094
92.99413299560547
55.15500259399414
53.45030975341797
60.45224380493164
59.40762710571289
68.14154052734375
66.03929901123047
63.55546951293945
59.19655227661133
75.11471557617188
76.83942413330078
62.98343276977539
64.96244812011719
83.30233001708984
88.73443603515625
94.01551055908203
92.54227447509766
87.41300964355469
88.71305847167969
71.04393768310547
72.58152770996094
55.52886962890625
55.840789794921875
52.02043151855469
49.897132873535156
48.92839431762695
47.535865783691406
101.0661849975586
112.15503692626953
74.49991607666016
78.44081115722656
85.38467407226562
85.54939270019531
61.81073760986328
64.67130279541016
56.595157623291016
55.92288589477539
73.89892578125
70.27059936523438
65.32159423828125
62.05255889892578
74.2108383178711
75.9776382446289
56.5114631652832
57.618751525878906
53.79011535644531
53.49259948730469
57.855079650878906
55.46209716796875
62.44293975830078
58.33761978149414
60.58589553833008
55.849246978759766
53.62199020385742
49.25155258178711
55.3394660949707
50.7155876159668
97.72538757324219
94.96198272705078
54.399879455566406
53.51683044433594
45.818782806396484
45.644248962402344
45.43043518066406
46.1558952331543
67.22821044921875
64.02897644042969
51.694942474365234
48.80830764770508
45.6915283203125
44.36020278930664
