96.19902038574219
44.552734375
42.97520446777344
43.73810958862305
41.8854866027832
41.11567306518555
39.60123062133789
42.76176452636719
41.8149528503418
41.62364196777344
39.83187484741211
41.39788055419922
40.51435089111328
42.7588005065918
40.12562942504883
42.81238555908203
42.00340270996094
41.548912048339844
40.69156265258789
45.569000244140625
45.02176284790039
43.252262115478516
40.71192932128906
45.211734771728516
43.2524299621582
46.261348724365234
44.616729736328125
47.693485260009766
44.13271713256836
45.2999382019043
43.33281707763672
67.27493286132812
69.53582763671875
90.69157409667969
87.0973129272461
90.52799224853516
88.99864196777344
56.060264587402344
56.88877487182617
68.7426528930664
72.0102310180664
56.25669479370117
53.78699493408203
46.40437316894531
44.56228256225586
45.418270111083984
40.75594711303711
45.67287826538086
42.418739318847656
41.85023880004883
41.71477127075195
43.59043884277344
40.92182540893555
41.56996536254883
40.95795822143555
41.869197845458984
40.9453239440918
41.932552337646484
41.12506866455078
40.1892204284668
39.83637619018555
40.08833312988281
40.11867141723633
41.497562408447266
37.9987907409668
44.27279281616211
40.424137115478516
44.466609954833984
41.92900848388672
43.198760986328125
40.87928771972656
39.7684211730957
37.39624786376953
44.1821403503418
41.3062858581543
44.554256439208984
42.09437942504883
43.79326629638672
41.77908706665039
44.37222671508789
41.63104248046875
40.92413330078125
40.444515228271484
40.428794860839844
38.04523468017578
40.607460021972656
39.376216888427734
44.82563781738281
41.746360778808594
43.724853515625
40.105228424072266
39.78842544555664
38.83249282836914
43.960472106933594
42.23180389404297
45.353878021240234
44.140018463134766
42.47102737426758
41.5322380065918
45.45499801635742
42.73264694213867
43.159549713134766
40.53085708618164
43.624385833740234
41.97370147705078
45.71859359741211
43.616912841796875
44.19552993774414
41.64459991455078
41.87242889404297
40.1701774597168
42.80066680908203
40.74003982543945
40.51936721801758
39.690025329589844
41.00875473022461
41.262664794921875
42.525177001953125
39.91227722167969
44.58088302612305
41.7164192199707
45.264259338378906
42.89065933227539
48.059146881103516
45.58589172363281
42.50206756591797
40.65187072753906
42.151268005371094
42.128868103027344
39.278297424316406
38.35053634643555
38.96959686279297
38.40544509887695
42.08421325683594
39.895877838134766
43.231204986572266
40.828712463378906
44.86616134643555
42.01359939575195
47.305274963378906
44.46977233886719
42.67169952392578
39.96812057495117
43.36211013793945
40.12873077392578
42.542728424072266
39.302154541015625
43.573612213134766
40.896507263183594
44.43779754638672
41.63433837890625
43.54027557373047
41.59158706665039
43.82377243041992
41.02429962158203
40.773399353027344
40.55585479736328
39.12420654296875
39.26872253417969
44.34314727783203
42.099586486816406
44.38370895385742
42.38584518432617
45.13798522949219
43.31816864013672
47.087615966796875
45.69232940673828
41.632049560546875
39.832855224609375
41.383785247802734
39.142578125
39.982906341552734
37.938289642333984
49.25811004638672
49.449127197265625
44.417335510253906
41.915950775146484
44.93519973754883
42.19723129272461
43.2718505859375
39.44024658203125
41.25028610229492
38.58620834350586
41.95372009277344
40.42340087890625
40.3742561340332
40.043792724609375
42.318336486816406
40.991905212402344
44.319759368896484
42.00331115722656
42.90528869628906
39.730838775634766
43.2014045715332
41.71173858642578
48.03157424926758
44.735565185546875
48.12514877319336
45.91231918334961
47.626583099365234
44.6366081237793
46.15901565551758
43.48469543457031
41.29354476928711
39.017799377441406
39.35113525390625
38.32444381713867
40.16044616699219
39.754825592041016
45.19464111328125
43.608524322509766
42.6960563659668
40.74809265136719
41.70978927612305
39.391544342041016
41.85183334350586
40.400760650634766
48.73664855957031
45.0782356262207
47.018157958984375
43.74769973754883
46.46107482910156
44.785797119140625
43.9786262512207
42.24674987792969
45.69114303588867
43.6345100402832
45.90843963623047
42.197540283203125
43.0836067199707
40.12709426879883
43.53927230834961
41.03278350830078
46.219390869140625
42.546234130859375
46.85129165649414
43.62369918823242
43.457183837890625
40.59373092651367
40.1990852355957
39.354217529296875
40.897247314453125
38.83070755004883
44.283748626708984
42.27959442138672
40.95443344116211
40.70244216918945
39.869693756103516
38.78572463989258
45.936527252197266
44.191261291503906
46.249881744384766
43.31114959716797
45.301334381103516
42.322017669677734
46.13583755493164
42.76552963256836
47.390384674072266
43.73909378051758
48.23212432861328
45.242088317871094
43.34869384765625
40.52006149291992
43.768959045410156
40.702144622802734
44.524559020996094
41.21284866333008
42.19380569458008
40.12005615234375
41.64390182495117
40.22486114501953
48.086307525634766
45.792015075683594
47.744327545166016
44.62666320800781
45.73939514160156
42.9384880065918
49.36077117919922
45.523433685302734
46.345985412597656
44.23769760131836
43.82297134399414
42.01775360107422
46.14836502075195
43.48271942138672
46.256656646728516
43.5953483581543
42.14967346191406
39.13996124267578
44.188838958740234
42.0353889465332
45.26800537109375
42.47877502441406
42.961631774902344
40.85090637207031
44.10831832885742
41.635459899902344
46.8401985168457
43.963897705078125
40.3226432800293
38.94990921020508
46.494815826416016
44.14311599731445
45.59107208251953
43.322998046875
45.39751052856445
42.61598205566406
45.352169036865234
43.13718795776367
42.86420822143555
40.010108947753906
43.068050384521484
40.753746032714844
48.58973693847656
45.021732330322266
41.66948318481445
40.91242599487305
41.625675201416016
38.858394622802734
41.95445251464844
39.499019622802734
43.61521530151367
40.14065170288086
38.902042388916016
37.06442642211914
42.911582946777344
39.681617736816406
45.474952697753906
42.426116943359375
40.083377838134766
38.71273422241211
43.23998260498047
40.8823127746582
42.41738510131836
40.783451080322266
43.07282257080078
39.93610763549805
63.55130386352539
62.03050231933594
56.92306137084961
51.485374450683594
43.21654510498047
41.41217041015625
47.38963317871094
43.135066986083984
45.292301177978516
43.40074157714844
63.94779968261719
65.37445831298828
96.19902038574219
93.2303237915039
74.61766815185547
72.72118377685547
75.79743957519531
82.74508666992188
90.57765197753906
89.23137664794922
93.04684448242188
92.55081939697266
64.05269622802734
65.6443862915039
68.4186019897461
68.03548431396484
60.91489028930664
59.29339599609375
64.0677719116211
66.35832214355469
78.62127685546875
77.08902740478516
85.61014556884766
82.64969635009766
90.24565887451172
83.94013977050781
68.56781768798828
64.71223449707031
85.22428131103516
80.84468841552734
60.478790283203125
54.52125930786133
68.69937133789062
66.1897964477539
61.64393615722656
58.94662857055664
52.131935119628906
45.762596130371094
42.13715744018555
40.770511627197266
46.04777908325195
42.864234924316406
43.34135055541992
40.90703201293945
46.73513412475586
43.723724365234375
48.993282318115234
47.13358688354492
45.28988265991211
42.405677795410156
43.152469635009766
40.348968505859375
44.6839485168457
41.43832778930664
44.67860412597656
42.691932678222656
44.82540512084961
44.10183334350586
43.875370025634766
42.47166442871094
44.17245864868164
41.996036529541016
50.55671310424805
48.71055221557617
50.80705261230469
48.00646209716797
43.23599624633789
41.90761947631836
41.68827438354492
39.67665100097656
40.37169647216797
38.616371154785156
39.6451530456543
38.61283874511719
40.53736114501953
39.95253372192383
39.737430572509766
40.16320037841797
39.42928695678711
39.29285430908203
41.373077392578125
40.20448684692383
40.84329605102539
39.49125671386719
41.98530960083008
39.22756576538086
42.24866485595703
41.924827575683594
43.99227523803711
41.85701370239258
41.13539505004883
40.15414047241211
46.10315704345703
44.22113037109375
45.016109466552734
42.50480651855469
41.14836120605469
39.033531188964844
38.88530349731445
37.67509841918945
43.210105895996094
41.15946960449219
44.241249084472656
41.078426361083984
49.14542770385742
46.47683334350586
47.805519104003906
45.99885177612305
44.84865951538086
43.09010696411133
42.27833557128906
40.07330322265625
43.420753479003906
40.98596954345703
48.688262939453125
45.19966506958008
46.04582595825195
43.33104705810547
45.25312805175781
42.93168640136719
43.16717529296875
41.130584716796875
44.4615364074707
41.442935943603516
45.80901336669922
43.26655578613281
47.50801086425781
46.2951774597168
45.08681106567383
43.619300842285156
46.82234191894531
45.1051139831543
45.06451416015625
43.32748794555664
46.70514678955078
43.96173858642578
43.150535583496094
41.11907196044922
40.008548736572266
39.89487838745117
40.51166534423828
39.54173278808594
43.34672164916992
41.40812683105469
40.58628845214844
39.439876556396484
41.531253814697266
40.75813293457031
42.75968551635742
41.6062126159668
42.8921012878418
40.036766052246094
45.51816940307617
44.355186462402344
45.326961517333984
43.14898681640625
45.340335845947266
43.032691955566406
43.142425537109375
40.43302536010742
43.49871063232422
40.54058837890625
46.45452117919922
44.86455535888672
46.68475341796875
44.773658752441406
44.182594299316406
41.0860595703125
42.140716552734375
39.737632751464844
39.7154541015625
39.337188720703125
42.26554489135742
40.601932525634766
41.371585845947266
40.259559631347656
46.40242385864258
43.101524353027344
45.93894577026367
42.32579040527344
44.24839782714844
41.24259567260742
43.020320892333984
40.67657470703125
42.35599899291992
40.02667999267578
43.11661911010742
40.30401611328125
44.93156051635742
42.4371337890625
46.24874496459961
44.341514587402344
41.47093200683594
38.78875732421875
45.481773376464844
42.53321838378906
48.5516242980957
44.58541488647461
44.958770751953125
42.34251403808594
47.673011779785156
44.963905334472656
42.801734924316406
41.16962814331055
40.14053726196289
39.43115234375
41.836666107177734
39.367149353027344
43.194313049316406
40.902156829833984
43.75794982910156
41.45175552368164
41.44734573364258
40.692562103271484
41.55540084838867
40.869544982910156
40.45060348510742
37.759037017822266
42.34418487548828
40.105106353759766
42.14197540283203
40.04927444458008
42.94279479980469
39.67299270629883
42.604644775390625
40.030277252197266
41.201416015625
38.52571487426758
40.52165603637695
37.742401123046875
43.47957229614258
41.02367401123047
42.659507751464844
39.57390594482422
39.66653823852539
37.66395568847656
39.97968292236328
38.44546890258789
42.364356994628906
40.83500671386719
41.10088348388672
40.372074127197266
41.90645217895508
40.733062744140625
41.5137825012207
41.86798858642578
45.70322799682617
44.32746887207031
46.41042709350586
43.08869934082031
42.562137603759766
41.16689682006836
41.65932846069336
40.13714599609375
40.8579216003418
38.500431060791016
41.21100616455078
39.51300811767578
40.951210021972656
39.61798095703125
45.98781967163086
45.156192779541016
43.87359619140625
41.01109313964844
43.10308837890625
42.72930145263672
42.624168395996094
40.3822135925293
43.5098991394043
42.68006896972656
41.43598175048828
39.44126510620117
49.473236083984375
46.775081634521484
42.92051696777344
39.28601837158203
47.503780364990234
44.07816696166992
41.9142951965332
41.22032928466797
40.592464447021484
39.55279541015625
47.32530975341797
44.0034294128418
48.112953186035156
43.41804885864258
45.59418487548828
42.52445983886719
43.614097595214844
40.43715286254883
45.51827621459961
42.6622314453125
49.44371795654297
46.399356842041016
47.278568267822266
44.26066589355469
48.604591369628906
46.03079605102539
49.87555694580078
47.7073974609375
43.960472106933594
41.93769073486328
45.640296936035156
42.9721565246582
48.05672836303711
45.41524887084961
43.27818298339844
42.176780700683594
42.4519157409668
41.7202033996582
42.53829574584961
41.890445709228516
43.09737014770508
40.55436325073242
38.985538482666016
38.08143615722656
38.814239501953125
38.33745193481445
41.60301208496094
39.59067153930664
45.61902618408203
41.44452667236328
45.94767379760742
42.815372467041016
46.22450637817383
44.27153396606445
38.84449768066406
37.89646530151367
38.876914978027344
37.712646484375
39.2806396484375
39.48937225341797
39.59917449951172
39.913604736328125
43.821327209472656
44.10763168334961
42.88050842285156
42.47394561767578
41.77961730957031
41.830039978027344
53.675838470458984
50.08659744262695
51.5877685546875
47.86865997314453
44.1102180480957
41.76412582397461
42.368553161621094
40.57033920288086
40.46976852416992
38.37451171875
43.38230514526367
39.761009216308594
41.44654083251953
39.56294631958008
44.16925048828125
41.69284439086914
46.59576416015625
43.5205078125
41.914939880371094
40.07063293457031
45.830841064453125
43.76541519165039
45.349388122558594
42.63986587524414
47.72782516479492
44.65651321411133
43.49082946777344
40.5854606628418
41.61034393310547
40.896175384521484
39.99845504760742
37.50471878051758
39.05657958984375
36.50844955444336
43.58142852783203
41.59907531738281
41.24552917480469
41.368831634521484
42.41890335083008
41.40608215332031
42.08378982543945
40.07819366455078
44.53661346435547
44.36361312866211
40.56690979003906
40.645782470703125
39.87409210205078
39.90565872192383
42.17509841918945
40.38877868652344
42.579063415527344
39.88070297241211
43.989715576171875
41.95479202270508
42.74882888793945
39.73533248901367
45.110084533691406
41.211910247802734
43.895687103271484
40.710079193115234
44.498931884765625
41.24229049682617
47.848270416259766
44.77968978881836
43.26518630981445
41.24435043334961
42.40803527832031
40.03858184814453
41.58609390258789
38.490333557128906
41.810001373291016
39.59419250488281
41.99181365966797
39.46342468261719
40.364768981933594
39.29139709472656
45.29317092895508
43.505088806152344
43.003013610839844
40.75651550292969
39.77326965332031
37.809295654296875
39.99878692626953
39.98436737060547
40.264644622802734
40.60297775268555
40.497779846191406
39.84750747680664
42.46116256713867
40.56124496459961
46.93226623535156
44.38371276855469
42.46098709106445
39.598628997802734
41.82221984863281
42.43701934814453
43.02611541748047
44.07169723510742
45.50251007080078
44.70273208618164
59.56729507446289
54.6148796081543
58.58794021606445
55.948150634765625
64.1904525756836
64.03742980957031
68.8415298461914
68.7591323852539
70.66680145263672
70.49203491210938
73.79120635986328
71.19944763183594
68.90367126464844
63.33913040161133
44.00895690917969
42.1489372253418
45.70357131958008
43.42973327636719
45.12964630126953
43.0288200378418
42.661319732666016
40.421146392822266
40.135562896728516
37.73783493041992
43.39500427246094
40.03699493408203
46.586334228515625
42.563720703125
46.77643585205078
42.965789794921875
47.728355407714844
44.47557067871094
45.22161102294922
41.598384857177734
41.70564270019531
39.295082092285156
44.298133850097656
42.28327941894531
43.83073043823242
41.16279983520508
46.248138427734375
44.53814697265625
43.18941116333008
40.920692443847656
41.98045349121094
40.390995025634766
44.479461669921875
42.597965240478516
44.28702926635742
42.203895568847656
42.83492660522461
41.575992584228516
41.08385467529297
40.697757720947266
41.16751480102539
39.4914665222168
42.07942581176758
40.52866744995117
44.2052001953125
41.488075256347656
44.938270568847656
43.232051849365234
41.990089416503906
40.39221954345703
40.4954833984375
38.865966796875
42.9107780456543
40.7369270324707
42.37932586669922
40.561275482177734
41.27641296386719
40.454689025878906
42.04185104370117
41.598018646240234
46.29069900512695
44.93518829345703
47.150390625
43.82376480102539
49.19859313964844
48.15059280395508
52.864768981933594
51.15604019165039
55.31241989135742
52.62015914916992
63.98167419433594
63.550331115722656
91.07786560058594
90.25057983398438
80.9387435913086
78.81008911132812
96.50528717041016
100.62174987792969
103.28213500976562
101.6086654663086
75.96669006347656
76.75857543945312
87.41437530517578
87.0743408203125
186.80764770507812
184.5409698486328
162.03224182128906
156.74888610839844
237.88168334960938
237.94569396972656
263.4184875488281
261.0744934082031
183.38458251953125
183.4199676513672
108.08292388916016
107.33049011230469
98.223388671875
97.67545318603516
77.5301513671875
79.31755065917969
75.22908020019531
77.94234466552734
84.80506134033203
90.29337310791016
99.39523315429688
101.61577606201172
79.59737396240234
84.95252227783203
72.7071304321289
79.00068664550781
79.13345336914062
83.53196716308594
80.8886489868164
89.6608657836914
108.54049682617188
124.32776641845703
95.45814514160156
108.3572006225586
109.74840545654297
111.14747619628906
133.88851928710938
134.9275665283203
144.2667236328125
148.63075256347656
110.67691040039062
111.72303009033203
111.287353515625
109.32127380371094
127.95915222167969
124.1498794555664
125.35923767089844
123.16792297363281
109.5854263305664
106.32905578613281
132.56271362304688
131.09707641601562
120.42552947998047
120.74784088134766
125.63275146484375
120.16862487792969
104.32036590576172
103.70856475830078
112.24591827392578
112.03223419189453
242.98745727539062
248.44102478027344
132.62149047851562
137.5553436279297
262.0419006347656
262.2088928222656
176.6320343017578
175.08401489257812
318.59735107421875
318.8460388183594
190.2480926513672
191.64442443847656
207.33274841308594
207.09642028808594
219.0492401123047
220.15621948242188
139.37374877929688
139.79139709472656
178.37025451660156
185.95315551757812
132.06304931640625
141.5543975830078
126.24545288085938
140.19119262695312
138.8754425048828
138.67327880859375
177.81338500976562
179.69114685058594
242.99024963378906
243.6804656982422
432.69732666015625
428.37335205078125
320.8136901855469
320.9725646972656
294.1009826660156
293.99359130859375
289.5652770996094
288.05523681640625
246.29696655273438
246.99473571777344
385.2210998535156
384.8572998046875
156.97010803222656
158.28416442871094
173.57505798339844
162.21603393554688
240.71917724609375
241.13246154785156
122.3046875
123.26885986328125
192.0928192138672
190.7786102294922
229.45162963867188
210.40867614746094
183.39593505859375
175.83714294433594
384.0686340332031
383.91485595703125
222.72532653808594
222.4932098388672
325.10797119140625
324.44384765625
269.6697082519531
269.0508117675781
258.26519775390625
258.0166320800781
189.75759887695312
194.83912658691406
153.28799438476562
165.42007446289062
142.0919647216797
147.9492645263672
131.3879852294922
135.57623291015625
165.8760223388672
165.1305694580078
170.47698974609375
166.9441375732422
170.58692932128906
170.89256286621094
101.71965026855469
107.26242065429688
93.583740234375
101.21916961669922
108.69671630859375
110.27267456054688
99.64613342285156
104.80767059326172
91.57416534423828
90.87226867675781
229.5318603515625
231.59002685546875
135.01402282714844
140.90394592285156
184.51858520507812
196.4393768310547
132.91827392578125
136.51950073242188
137.89427185058594
142.436279296875
158.55166625976562
167.1248321533203
197.5342559814453
197.53358459472656
106.44398498535156
118.14920043945312
103.5048599243164
103.52854919433594
96.78289031982422
107.48101043701172
216.09634399414062
218.2219696044922
239.49737548828125
239.51364135742188
165.5695037841797
163.6108856201172
112.19784545898438
118.4633560180664
107.60468292236328
114.19387817382812
193.5355682373047
192.51028442382812
112.11195373535156
109.58419799804688
109.6583480834961
117.30371856689453
379.4444885253906
377.970947265625
458.8529968261719
458.4329528808594
406.4804992675781
405.4334716796875
173.24693298339844
172.380615234375
183.6883544921875
185.7353057861328
146.10020446777344
145.23170471191406
101.34304809570312
113.55243682861328
93.40758514404297
100.58165740966797
106.79442596435547
105.61637115478516
146.70216369628906
145.00193786621094
102.40391540527344
110.31494140625
103.26789093017578
108.51658630371094
140.0662078857422
139.5897216796875
133.2031707763672
138.895751953125
103.77719116210938
110.39111328125
92.9412841796875
108.97312927246094
101.65179443359375
101.97076416015625
105.35406494140625
106.5856704711914
110.9428482055664
120.36241149902344
84.76090240478516
94.71754455566406
112.60051727294922
116.56222534179688
97.03089141845703
100.35600280761719
109.09654998779297
111.26288604736328
95.31199645996094
95.21218872070312
96.2642822265625
100.56295013427734
105.06612396240234
110.93740844726562
141.30311584472656
148.88002014160156
