83.58995819091797
54.885955810546875
58.09010696411133
52.37372589111328
54.37083053588867
54.42934799194336
53.78663635253906
74.87251281738281
71.56592559814453
57.60737228393555
55.99859619140625
75.2741928100586
73.55154418945312
79.65241241455078
79.95298767089844
67.55426788330078
66.29442596435547
53.56511306762695
53.42460632324219
40.89876937866211
39.99196243286133
45.82222366333008
45.115203857421875
47.18906784057617
46.7497673034668
36.235713958740234
35.549320220947266
36.76475143432617
35.46034622192383
37.343360900878906
35.76557540893555
37.26088333129883
36.19401168823242
37.55889129638672
37.0123405456543
39.14189910888672
37.918758392333984
38.226173400878906
36.96842575073242
38.034603118896484
37.79330825805664
39.38798904418945
38.64545440673828
50.49624252319336
48.40843963623047
39.141666412353516
39.5760612487793
39.26811218261719
39.51903533935547
63.172916412353516
65.5502700805664
40.54363250732422
40.59837341308594
42.08881378173828
42.146575927734375
55.56584930419922
53.85361862182617
46.441139221191406
46.729190826416016
47.08524703979492
47.04618835449219
51.013771057128906
47.95048904418945
39.2086067199707
38.586856842041016
48.25438690185547
50.09157180786133
44.31558609008789
42.306827545166016
51.41044998168945
49.15533447265625
60.40855407714844
60.470394134521484
73.15653228759766
72.36878967285156
71.14968872070312
70.02264404296875
78.15587615966797
77.82884979248047
83.5899658203125
83.04700469970703
71.81525421142578
74.32242584228516
61.828582763671875
56.04848861694336
45.176666259765625
46.18043518066406
49.17947769165039
48.10358428955078
47.82149124145508
48.553001403808594
45.63853454589844
45.554256439208984
65.16464233398438
64.12733459472656
50.2421875
49.536495208740234
72.62443542480469
73.7005386352539
61.31184768676758
64.3869400024414
35.84648895263672
37.051509857177734
49.49283218383789
47.72480392456055
52.464202880859375
52.01140594482422
38.59303283691406
38.00870895385742
63.94737243652344
61.42995834350586
56.308189392089844
54.65226364135742
50.79729461669922
51.7143440246582
42.87990951538086
42.078941345214844
43.75566482543945
44.21630859375
43.88362121582031
45.33353042602539
39.638790130615234
40.776432037353516
45.455448150634766
45.30039596557617
55.20683288574219
56.627017974853516
59.75640106201172
57.667720794677734
56.65186309814453
53.77016830444336
47.52070617675781
48.162635803222656
52.070228576660156
52.135215759277344
49.0678825378418
48.649410247802734
49.41754150390625
51.663917541503906
44.48170852661133
47.019039154052734
38.940773010253906
38.92548751831055
40.934593200683594
42.3072509765625
46.28800582885742
47.05306625366211
44.73995590209961
44.64655685424805
63.86505126953125
64.62725830078125
53.40409851074219
52.99779510498047
36.841835021972656
38.602386474609375
62.8829460144043
65.14625549316406
87.40489959716797
90.18272399902344
72.99040985107422
73.58399963378906
115.48701477050781
117.1636962890625
146.66383361816406
143.41098022460938
115.36479187011719
110.16024017333984
120.60572814941406
117.31781768798828
78.83784484863281
79.77031707763672
99.5173568725586
106.34576416015625
88.70685577392578
90.11186218261719
65.47892761230469
63.92108917236328
61.4560546875
61.50649642944336
55.45528793334961
53.1956901550293
59.49943542480469
59.710384368896484
56.91871643066406
51.535621643066406
51.50956344604492
49.19954299926758
61.10829162597656
63.836917877197266
72.99446105957031
71.91036224365234
52.62512969970703
49.73281478881836
56.610897064208984
54.852989196777344
51.63180160522461
48.52534484863281
53.36122131347656
51.337459564208984
56.9448127746582
53.235626220703125
52.32793426513672
52.660518646240234
67.51349639892578
68.01949310302734
52.260135650634766
50.50464630126953
49.79935836791992
48.808753967285156
50.14522933959961
48.67527389526367
51.09187316894531
49.70954132080078
73.04085540771484
72.73258972167969
79.4753646850586
82.90369415283203
65.43152618408203
61.39370346069336
54.74280548095703
54.22304153442383
53.58431625366211
51.3260383605957
58.017578125
55.852535247802734
56.03261184692383
53.70215606689453
66.27719116210938
66.85405731201172
55.093101501464844
53.5238151550293
53.97051239013672
51.891788482666016
58.24423599243164
56.054805755615234
57.44667434692383
59.07541275024414
69.91051483154297
74.1973876953125
185.1480255126953
191.66929626464844
139.87425231933594
138.79270935058594
196.21661376953125
199.0540008544922
134.54319763183594
136.74720764160156
257.8105163574219
260.828125
127.87491607666016
129.4671630859375
118.54634857177734
121.27924346923828
102.43672943115234
96.3974380493164
124.2691650390625
122.47538757324219
113.45936584472656
112.3374252319336
149.4300537109375
146.71983337402344
113.71797180175781
120.70352935791016
167.1111602783203
172.01637268066406
241.18714904785156
242.0841522216797
191.2763671875
186.29917907714844
95.52041625976562
102.10749816894531
128.3643798828125
124.99610900878906
111.13461303710938
113.29765319824219
74.80095672607422
72.8924560546875
94.88253784179688
92.42520904541016
77.78485870361328
76.99222564697266
73.93890380859375
69.6624755859375
68.73429870605469
66.34476470947266
71.22288513183594
73.64508056640625
73.98688507080078
68.94271087646484
75.6531753540039
73.77001190185547
77.9874267578125
78.73267364501953
85.27578735351562
84.59496307373047
100.3633804321289
102.17406463623047
88.8006820678711
87.48822784423828
