93.04524993896484
64.48736572265625
62.48405838012695
52.2535514831543
51.82484436035156
49.251277923583984
48.049560546875
56.61405563354492
54.287410736083984
63.44649124145508
62.02544403076172
63.53428649902344
64.32923126220703
71.32774353027344
69.40687561035156
67.15994262695312
65.02098083496094
58.78093719482422
54.45746994018555
49.88165283203125
51.21608352661133
70.64683532714844
66.0262222290039
60.113407135009766
56.659141540527344
82.25039672851562
74.63461303710938
65.66024780273438
61.189701080322266
55.83549499511719
53.41920471191406
56.03351974487305
53.770721435546875
73.83577728271484
72.40291595458984
64.88526916503906
61.44072723388672
62.66963195800781
60.137271881103516
58.0051383972168
55.16404342651367
51.83749008178711
49.205162048339844
47.234134674072266
45.34612274169922
65.53174591064453
64.2984390258789
63.64095687866211
61.38840103149414
58.49483871459961
57.63653564453125
62.863304138183594
59.560638427734375
60.6041145324707
59.71884536743164
60.36962890625
58.672481536865234
59.06489562988281
57.7563591003418
60.38655471801758
57.04951858520508
62.45571517944336
60.258724212646484
58.02934265136719
54.167694091796875
49.00846481323242
47.99179458618164
37.7774772644043
37.23898696899414
45.247352600097656
42.0868034362793
61.953758239746094
59.21452331542969
62.52482604980469
59.018882751464844
63.06337356567383
60.403926849365234
52.70646286010742
50.33164596557617
43.6661491394043
42.544517517089844
42.018680572509766
40.773773193359375
43.56804656982422
42.76548767089844
45.74412536621094
43.6357307434082
46.888916015625
43.28739929199219
55.55790328979492
52.09779739379883
53.136329650878906
50.6130256652832
51.435794830322266
49.45389175415039
54.30718994140625
51.634944915771484
61.03318786621094
59.04322814941406
68.61849975585938
67.45158386230469
65.7953109741211
67.07176208496094
58.0401725769043
56.186885833740234
65.28339385986328
63.98884963989258
59.8133430480957
56.37826919555664
64.03137969970703
61.19004821777344
66.60601043701172
63.63503646850586
67.26859283447266
65.42054748535156
55.69173812866211
54.725135803222656
51.83180236816406
49.67801284790039
56.951866149902344
54.863975524902344
56.065704345703125
54.518310546875
55.73158264160156
54.303043365478516
59.85724639892578
58.96177291870117
59.3348503112793
56.8831672668457
60.35837173461914
60.408775329589844
54.030128479003906
51.78571319580078
64.38987731933594
63.58383560180664
56.51974868774414
55.28251647949219
62.59712600708008
59.9391975402832
56.20590591430664
53.65665054321289
69.03714752197266
64.72150421142578
49.319297790527344
47.20763397216797
51.09669494628906
49.3355827331543
57.78932571411133
55.7657470703125
55.71613311767578
53.03056716918945
52.49300003051758
50.450687408447266
62.8958740234375
60.99496078491211
79.37617492675781
75.48391723632812
74.0177001953125
71.08368682861328
93.04524993896484
90.5681381225586
64.00431060791016
62.093162536621094
63.266387939453125
60.80641174316406
88.2374038696289
84.0511703491211
74.38058471679688
72.62808227539062
78.742431640625
75.18223571777344
84.05606079101562
84.85547637939453
77.37136840820312
76.79411315917969
66.55989837646484
64.00116729736328
74.95416259765625
70.96185302734375
62.87801742553711
62.44972229003906
71.48041534423828
67.71829223632812
71.8093490600586
73.07512664794922
48.27194595336914
44.81440353393555
54.69544219970703
43.230010986328125
54.086978912353516
43.94315719604492
45.45408248901367
44.34878921508789
51.2974853515625
50.13311004638672
48.251338958740234
47.34239196777344
43.03080368041992
42.25269317626953
46.387290954589844
44.65606689453125
52.39387512207031
46.05963897705078
44.41960906982422
42.20332336425781
49.79649353027344
48.345149993896484
45.75725555419922
48.50917434692383
42.93673324584961
41.688682556152344
45.33108139038086
43.82250213623047
40.68854522705078
39.634376525878906
46.36459732055664
45.772926330566406
42.271541595458984
41.54057693481445
44.9457893371582
43.62355422973633
43.0047721862793
41.98210144042969
39.55506134033203
39.51530075073242
43.321022033691406
41.88847732543945
44.822818756103516
43.63764572143555
41.85938262939453
40.83237838745117
42.680179595947266
41.79949951171875
46.41371536254883
45.5213508605957
45.829261779785156
42.98395538330078
45.741424560546875
44.88361740112305
46.08527374267578
45.57073974609375
43.86298370361328
44.78386688232422
46.6102180480957
44.96208572387695
42.04664993286133
40.23994064331055
42.829681396484375
42.9232177734375
39.65792465209961
38.52772521972656
46.50444793701172
46.649566650390625
55.85834503173828
53.825897216796875
73.51139068603516
63.998069763183594
70.59502410888672
69.00910949707031
67.63006591796875
68.52679443359375
51.46162414550781
44.35450744628906
53.519588470458984
46.359771728515625
46.006107330322266
44.49691390991211
49.243228912353516
48.16694641113281
49.81913375854492
48.490989685058594
44.61805725097656
44.751670837402344
48.73308181762695
43.734127044677734
48.39460372924805
46.18059539794922
46.845584869384766
42.5247917175293
45.08220672607422
43.3742790222168
42.24067687988281
41.779850006103516
46.84427261352539
46.434452056884766
43.18837356567383
42.89183044433594
41.324588775634766
40.92416763305664
49.434326171875
52.92951583862305
42.568946838378906
41.46818161010742
43.326385498046875
41.877925872802734
42.6076545715332
41.1915283203125
40.14675521850586
39.486228942871094
41.00761413574219
41.027931213378906
43.58512496948242
42.4926643371582
40.807167053222656
39.01681137084961
40.46807098388672
38.718868255615234
44.491539001464844
43.17591857910156
43.8632926940918
41.61434555053711
49.18321990966797
47.1342658996582
49.42695617675781
48.494972229003906
45.23560333251953
45.2290153503418
44.33076477050781
44.706817626953125
40.66259765625
39.424072265625
42.534671783447266
42.02989959716797
42.95744323730469
41.54045486450195
41.2660026550293
40.89017105102539
46.51728057861328
46.212425231933594
54.00002670288086
52.664649963378906
46.57463073730469
44.85149002075195
42.076961517333984
40.2342529296875
45.79733657836914
44.55537796020508
43.635562896728516
42.781227111816406
44.04838180541992
39.86389923095703
41.10298156738281
42.114715576171875
45.66298294067383
43.175086975097656
42.026710510253906
40.10466766357422
42.12330627441406
39.699066162109375
44.47207260131836
41.63846969604492
40.7540283203125
40.101776123046875
42.404876708984375
41.50613784790039
44.19102096557617
42.53141784667969
43.11468505859375
41.6341667175293
44.03919219970703
41.72727584838867
45.47685623168945
43.09568786621094
44.54184341430664
43.86075973510742
46.14102554321289
44.65015411376953
44.28681564331055
42.45903015136719
42.32453536987305
41.31125259399414
43.6530876159668
42.576236724853516
43.224979400634766
41.36528396606445
39.661712646484375
40.48515319824219
41.46709442138672
38.956268310546875
52.918006896972656
45.8183708190918
86.49620819091797
90.40477752685547
81.56982421875
73.29679107666016
71.08702850341797
72.88809204101562
112.3230209350586
109.16065979003906
102.0634994506836
98.41158294677734
125.72415924072266
130.23611450195312
129.73834228515625
127.11318969726562
121.1889877319336
115.91233825683594
86.68290710449219
84.8056411743164
88.62379455566406
86.4505386352539
61.20814514160156
59.122554779052734
86.36105346679688
80.95645141601562
88.43407440185547
86.26250457763672
111.11595916748047
111.47303771972656
77.90264129638672
77.76914978027344
120.87308502197266
124.62185668945312
97.55740356445312
95.50714874267578
120.6649169921875
121.72417449951172
154.0226593017578
162.8632354736328
112.0215072631836
129.34645080566406
112.49398040771484
116.7095718383789
148.92112731933594
134.96026611328125
84.7334976196289
80.39590454101562
102.32353973388672
101.34074401855469
107.46102905273438
102.85596466064453
255.87582397460938
236.20303344726562
176.1143341064453
196.6696014404297
143.25949096679688
141.50587463378906
125.2532958984375
135.4765625
99.0842056274414
104.77584838867188
124.76017761230469
141.82168579101562
170.42361450195312
151.62982177734375
46.097145080566406
45.09378433227539
43.809837341308594
42.34656524658203
41.8858642578125
40.774818420410156
41.92615509033203
41.554996490478516
42.006072998046875
40.74468994140625
44.04661560058594
44.252376556396484
42.30741500854492
41.06201171875
40.966041564941406
39.33892059326172
43.67939758300781
41.653804779052734
40.27796936035156
38.96854782104492
42.72498321533203
42.110042572021484
43.2924919128418
40.87474822998047
43.91691970825195
42.59694290161133
47.710205078125
45.52604293823242
44.34359359741211
43.94219970703125
45.51066207885742
44.35397720336914
46.88541030883789
46.68759536743164
41.45233154296875
40.34244918823242
42.17472839355469
40.67339324951172
45.596256256103516
43.74953079223633
46.975399017333984
43.99241256713867
43.79161834716797
41.35627746582031
41.438575744628906
39.68744659423828
42.4617805480957
38.89206314086914
95.65097045898438
97.23143768310547
74.67648315429688
72.70177459716797
85.1158218383789
88.82990264892578
88.09400177001953
85.9404525756836
99.1446762084961
95.64566802978516
117.6007308959961
118.71282196044922
130.0021514892578
133.1178436279297
131.55133056640625
126.19615936279297
96.62249755859375
94.13272094726562
96.5573959350586
93.91622161865234
72.8469467163086
71.40441131591797
83.756103515625
76.57743072509766
92.86479187011719
87.31356048583984
79.4405517578125
80.06202697753906
90.0234603881836
88.97904205322266
116.81626892089844
120.0618667602539
117.67384338378906
156.35641479492188
104.32327270507812
107.28363800048828
151.9371337890625
146.9012908935547
120.52283477783203
115.6534194946289
109.22636413574219
109.34675598144531
121.87518310546875
114.87702178955078
92.24430084228516
87.25625610351562
93.22002410888672
88.05529022216797
151.13465881347656
142.13084411621094
255.52505493164062
234.36334228515625
121.50555419921875
141.99468994140625
172.30825805664062
157.7567596435547
138.72911071777344
154.29173278808594
105.74227905273438
99.55109405517578
118.85189056396484
129.50015258789062
104.2015380859375
102.70822143554688
108.36068725585938
110.94369506835938
103.97840881347656
107.72379302978516
166.34561157226562
146.48654174804688
115.16619873046875
131.5431671142578
175.07752990722656
174.88092041015625
131.51028442382812
126.47373962402344
126.89764404296875
131.95533752441406
81.89481353759766
74.44956970214844
79.2220230102539
77.84326171875
78.4522476196289
76.94564819335938
62.980690002441406
57.76386642456055
65.56520080566406
72.39422607421875
119.81044006347656
98.65907287597656
139.9088592529297
160.97567749023438
160.74400329589844
154.72698974609375
151.469970703125
154.27142333984375
133.3730010986328
138.42481994628906
136.140625
151.73907470703125
138.3919219970703
136.81370544433594
139.09934997558594
152.84922790527344
214.6986083984375
218.77398681640625
139.5592803955078
131.28807067871094
99.83487701416016
111.7569351196289
139.13902282714844
121.47522735595703
74.88103485107422
67.57150268554688
74.8980484008789
67.21652221679688
70.53471374511719
61.6042594909668
62.84490966796875
58.10047912597656
67.53179168701172
56.44291305541992
60.20115661621094
50.168739318847656
57.684791564941406
53.29886245727539
68.97212982177734
64.75341033935547
56.9955940246582
57.13557434082031
63.0401611328125
65.2795181274414
69.56075286865234
61.63893127441406
54.02532958984375
47.98382568359375
57.61613845825195
52.944950103759766
57.92995071411133
52.5882568359375
56.66987991333008
54.71631622314453
57.2769889831543
53.95468521118164
51.87847137451172
51.95661163330078
58.16656494140625
49.787322998046875
59.55703353881836
53.89833450317383
58.65290832519531
52.723785400390625
61.73625946044922
51.431610107421875
63.60447311401367
56.40757751464844
67.7303237915039
61.27747344970703
67.65742492675781
63.8051872253418
77.58173370361328
68.26895904541016
70.69439697265625
72.12066650390625
80.37115478515625
69.68376159667969
72.02203369140625
67.9794921875
81.04290008544922
74.9468994140625
76.02497100830078
69.46755981445312
70.22502136230469
60.79059600830078
60.75876998901367
58.56322479248047
78.57333374023438
76.23821258544922
168.22398376464844
180.14736938476562
237.33370971679688
227.51951599121094
156.6150360107422
140.7584991455078
127.5566177368164
118.13949584960938
164.0713348388672
129.95834350585938
118.59809875488281
125.85543823242188
91.57737731933594
84.52537536621094
121.67928314208984
130.0209197998047
106.97994995117188
118.33650970458984
125.28677368164062
123.79618072509766
108.0719223022461
118.78150939941406
140.76272583007812
143.27249145507812
117.61803436279297
125.57684326171875
110.93267059326172
115.81361389160156
121.31218719482422
124.5213623046875
138.0912322998047
135.17498779296875
134.0042266845703
130.352783203125
154.996826171875
158.8159637451172
120.43305969238281
133.73471069335938
105.6445541381836
111.90495300292969
116.36436462402344
119.94615936279297
128.8323974609375
128.30108642578125
119.61988067626953
122.70260620117188
152.48989868164062
132.5743865966797
177.4676513671875
177.24392700195312
172.4614715576172
208.0321044921875
148.5304718017578
152.0767822265625
111.41569519042969
103.41777801513672
100.21026611328125
83.20170593261719
88.95489501953125
78.1435546875
126.31454467773438
110.91981506347656
93.24085998535156
86.31903076171875
