109.24620056152344
58.87064743041992
51.41546630859375
48.21685791015625
49.917293548583984
54.707435607910156
51.583282470703125
55.42159652709961
61.1024284362793
51.638275146484375
47.6263427734375
62.188934326171875
51.4517822265625
60.76662063598633
55.80074691772461
47.86960983276367
49.68963623046875
61.469268798828125
56.20977783203125
56.12880325317383
50.457908630371094
45.659339904785156
45.57236862182617
61.11733627319336
58.5955924987793
50.13475799560547
53.48077392578125
54.44279098510742
56.336273193359375
53.16815948486328
52.64777755737305
60.394256591796875
51.714019775390625
46.748538970947266
38.598854064941406
42.95244598388672
53.7635498046875
54.71357345581055
57.7257080078125
48.53571319580078
42.37973403930664
38.994930267333984
41.45880126953125
42.95724105834961
42.28004455566406
51.6148796081543
48.00403594970703
45.7869873046875
46.097957611083984
48.50446701049805
59.30963897705078
63.48853302001953
54.76155471801758
55.62437057495117
54.86318588256836
56.88959884643555
61.73164749145508
60.220703125
52.847572326660156
48.64531707763672
51.37984848022461
50.45460891723633
52.275447845458984
55.66485595703125
55.08143997192383
58.57508087158203
52.59218215942383
56.95166015625
51.64165115356445
55.093685150146484
48.58608627319336
54.2863655090332
43.6481819152832
47.168617248535156
50.92180252075195
49.02235794067383
47.193599700927734
52.3236198425293
67.40007781982422
65.64398956298828
75.00006103515625
52.3745231628418
51.247432708740234
78.0313720703125
65.4923095703125
69.65123748779297
71.91327667236328
72.26851654052734
58.90916061401367
68.00160217285156
58.6888542175293
60.43819046020508
68.5559310913086
42.49215316772461
39.89726638793945
41.28493881225586
38.92875289916992
41.87022018432617
42.12568283081055
38.18354034423828
40.69211959838867
43.46892166137695
41.196285247802734
41.96800231933594
39.96110153198242
38.5030517578125
39.73186111450195
38.08237075805664
41.618282318115234
39.08580017089844
39.49294662475586
38.97956466674805
37.9177360534668
40.12284851074219
39.695343017578125
38.434913635253906
39.03376388549805
39.77880859375
40.35618209838867
39.93795394897461
41.58872985839844
40.287105560302734
37.26926040649414
37.081417083740234
37.82849884033203
35.763973236083984
39.219024658203125
41.83076858520508
66.52266693115234
65.33695220947266
62.69818878173828
42.04862594604492
40.61698532104492
39.20521926879883
41.40609359741211
41.40245056152344
38.63794708251953
39.64165115356445
42.001373291015625
40.85150146484375
40.09560775756836
39.132362365722656
41.8708610534668
40.235015869140625
38.44099044799805
41.78615951538086
38.3361930847168
39.477596282958984
38.203067779541016
37.71377182006836
39.38673782348633
38.77876281738281
37.185035705566406
37.096466064453125
39.0556640625
38.6595573425293
42.57273483276367
43.032711029052734
42.70787811279297
36.97125244140625
34.499176025390625
37.15288162231445
36.788997650146484
36.02486801147461
39.489479064941406
42.230953216552734
41.041259765625
37.988460540771484
38.52228927612305
37.627803802490234
36.532474517822266
36.49259567260742
40.059547424316406
36.99968719482422
37.28288650512695
37.97260284423828
37.09817123413086
37.98210144042969
39.410675048828125
38.87897491455078
38.69843292236328
38.1352653503418
38.77742385864258
42.35605239868164
39.331146240234375
39.40287399291992
40.60309982299805
36.96541213989258
35.248565673828125
35.706298828125
45.770912170410156
79.27137756347656
78.42398834228516
68.2335205078125
91.92467498779297
98.6425552368164
113.4954833984375
118.68376922607422
109.1362075805664
84.07935333251953
84.64085388183594
58.455322265625
79.77367401123047
94.33341217041016
100.6314697265625
76.44175720214844
111.1939926147461
94.83902740478516
103.50334930419922
140.80313110351562
115.91390228271484
90.00814056396484
103.83125305175781
76.5033187866211
78.24427795410156
82.2483139038086
174.86180114746094
151.9696807861328
151.98892211914062
154.11512756347656
97.35005187988281
154.2382049560547
153.67578125
38.78102493286133
36.85077667236328
36.318817138671875
36.60683822631836
35.70508575439453
38.688228607177734
38.3465576171875
36.65333938598633
37.92066192626953
36.871620178222656
38.333587646484375
37.801795959472656
40.46379852294922
40.30165481567383
38.64362716674805
38.778770446777344
42.4306755065918
39.01872634887695
39.4765625
41.007808685302734
39.481544494628906
37.16986083984375
36.284278869628906
36.90501403808594
94.1671142578125
74.43379211425781
85.67283630371094
73.4326171875
96.13878631591797
108.72319793701172
121.12523651123047
112.69644927978516
93.66517639160156
91.42919158935547
70.4097900390625
76.0453872680664
107.46529388427734
76.61077880859375
81.7894515991211
106.85475158691406
114.0322036743164
85.41131591796875
131.6273651123047
112.2143783569336
95.76961517333984
96.88030242919922
73.72420501708984
73.31072235107422
104.9090805053711
170.1001434326172
131.18283081054688
158.5420684814453
147.6512451171875
112.74153900146484
133.18978881835938
103.8784408569336
117.77699279785156
99.40396881103516
166.62998962402344
119.65764617919922
154.73818969726562
142.31698608398438
114.6763687133789
75.12419128417969
73.90800476074219
72.33687591552734
59.02152633666992
63.36177444458008
102.93836975097656
155.46324157714844
134.64634704589844
118.77473449707031
124.17683410644531
119.92433166503906
134.7483367919922
122.57234191894531
169.71990966796875
100.4580078125
96.77955627441406
121.76686096191406
58.21782302856445
58.954833984375
54.392791748046875
51.68598556518555
50.05928039550781
45.899070739746094
46.51634979248047
50.79134750366211
57.89473342895508
50.19819259643555
47.67741012573242
43.22245407104492
46.16482162475586
46.83903121948242
46.30474853515625
45.424842834472656
45.78916549682617
45.37506866455078
46.00300979614258
45.67411422729492
45.688045501708984
46.294822692871094
51.14434814453125
50.77736282348633
52.784481048583984
53.544410705566406
57.35572052001953
54.9731330871582
49.78397750854492
49.61619186401367
49.89760208129883
53.98614501953125
66.11519622802734
189.2855987548828
179.64964294433594
132.0080108642578
135.23692321777344
186.733154296875
123.27385711669922
97.5712890625
128.12734985351562
120.7364501953125
135.71499633789062
120.8681411743164
135.82774353027344
135.28733825683594
106.28934478759766
121.90874481201172
186.6797332763672
144.1857147216797
159.81394958496094
142.95376586914062
116.4486312866211
123.3372802734375
134.42832946777344
130.16600036621094
172.17942810058594
147.48094177246094
203.3650360107422
142.83131408691406
92.85335540771484
88.00325775146484
80.4367904663086
100.77924346923828
87.70319366455078
