99.76698303222656
45.39655303955078
47.698726654052734
44.32792663574219
46.965213775634766
45.97846603393555
47.88808059692383
44.91998291015625
46.23222732543945
45.13733673095703
43.80012512207031
44.55356979370117
46.16301345825195
44.98317337036133
46.709266662597656
43.893558502197266
45.56708908081055
45.651031494140625
47.71046447753906
52.01274108886719
52.359283447265625
45.573848724365234
47.07498550415039
43.53535461425781
45.01506042480469
51.95712661743164
52.84672164916992
57.006858825683594
55.5026969909668
47.38380813598633
47.66712951660156
46.544158935546875
46.3649787902832
51.58613586425781
49.322662353515625
59.42095947265625
58.63954544067383
48.8807258605957
48.636417388916016
50.53947830200195
51.57696533203125
48.893611907958984
49.88138198852539
51.958648681640625
52.05769729614258
49.66436004638672
48.91966247558594
56.57403564453125
55.290740966796875
54.70695877075195
54.380043029785156
53.85884475708008
48.851318359375
56.852317810058594
53.221473693847656
56.24879837036133
52.72536849975586
49.288265228271484
48.85015869140625
66.7266616821289
61.94205856323242
77.5274429321289
72.04297637939453
78.37458801269531
77.4514389038086
89.57809448242188
89.04287719726562
77.01801300048828
79.03336334228516
82.35223388671875
80.15208435058594
89.10494232177734
90.33972930908203
77.65982055664062
77.15777587890625
84.69384765625
87.76560974121094
81.91706848144531
85.22650909423828
77.74417114257812
78.51788330078125
75.15127563476562
78.5718994140625
74.3553237915039
71.73956298828125
69.76507568359375
68.0977554321289
54.450836181640625
54.59971237182617
47.74650955200195
49.41813659667969
44.004608154296875
45.75558853149414
44.73200607299805
46.24455642700195
45.79273223876953
47.68789291381836
46.250648498535156
48.08283996582031
43.95634841918945
45.651039123535156
43.506046295166016
45.072608947753906
51.2207145690918
53.34970474243164
74.31444549560547
70.61262512207031
69.4777603149414
71.20122528076172
63.86467361450195
61.69560241699219
70.25132751464844
69.40607452392578
71.42852783203125
72.17768096923828
79.68809509277344
83.22516632080078
74.21590423583984
70.00196838378906
61.23191452026367
61.5434684753418
71.04553985595703
75.0591812133789
66.93461608886719
63.44707107543945
69.3464126586914
67.47102355957031
59.1700325012207
61.97151184082031
52.64674377441406
50.085166931152344
61.978004455566406
60.164222717285156
51.11448669433594
52.72985076904297
50.83169937133789
51.03610610961914
47.1373405456543
48.05011749267578
46.71296310424805
47.51227569580078
48.178619384765625
50.332855224609375
46.0517692565918
47.66781234741211
45.425376892089844
47.06336212158203
43.61956787109375
45.090084075927734
43.71463394165039
45.19182586669922
45.74980545043945
46.46341323852539
45.54026794433594
46.83710861206055
45.27116394042969
47.019081115722656
43.032352447509766
44.45670700073242
43.45209503173828
44.892765045166016
52.24709701538086
52.531612396240234
44.91168212890625
45.95414733886719
42.8271369934082
44.177894592285156
43.80344009399414
45.25587463378906
43.2723503112793
45.338905334472656
43.42047882080078
44.79676818847656
43.18974685668945
44.46946334838867
43.74256134033203
45.26513671875
45.65570831298828
46.81840515136719
44.99205780029297
46.349700927734375
45.100791931152344
46.481903076171875
46.06507110595703
47.23867416381836
44.6334342956543
46.07089614868164
44.04505920410156
45.2393913269043
42.30651092529297
44.308799743652344
43.54620361328125
44.838348388671875
42.80845260620117
44.45078659057617
44.30509948730469
45.59717559814453
44.0817985534668
45.26227951049805
41.74592208862305
42.43108367919922
44.57427215576172
45.88884735107422
44.39175033569336
45.50471496582031
45.27294158935547
46.118629455566406
43.5462646484375
43.33663558959961
44.99659729003906
46.055511474609375
54.69190979003906
56.669044494628906
61.05731964111328
62.114810943603516
48.921268463134766
50.20103073120117
45.22828674316406
46.21490478515625
43.89570999145508
44.5186882019043
44.498863220214844
45.44908905029297
45.10387420654297
45.31581497192383
44.10075759887695
45.64915466308594
43.1365966796875
44.16536331176758
46.34021759033203
47.38892364501953
45.42890930175781
46.85548400878906
43.772605895996094
45.73035430908203
44.08664321899414
45.95128631591797
44.29963302612305
45.26483917236328
41.43668746948242
43.24797821044922
45.4744758605957
46.881683349609375
45.35538864135742
47.4201774597168
46.992515563964844
48.32074737548828
46.34513854980469
48.25868606567383
58.35842514038086
59.074188232421875
59.84143829345703
59.361759185791016
61.01534652709961
61.89242935180664
73.05357360839844
71.98550415039062
51.406272888183594
49.94902038574219
87.51397705078125
86.9947509765625
85.09626007080078
86.63832092285156
99.46521759033203
99.76698303222656
60.77701187133789
62.199703216552734
64.72848510742188
69.01434326171875
65.34489440917969
68.92694854736328
54.78399658203125
58.033660888671875
57.31834411621094
61.17724609375
59.24128723144531
62.18220520019531
57.62923049926758
59.5994758605957
57.09236526489258
59.31566619873047
56.5070915222168
60.491661071777344
58.101627349853516
61.94947052001953
62.58897399902344
59.0736198425293
60.165409088134766
61.80024719238281
57.97847366333008
57.88738250732422
50.83541488647461
50.459285736083984
52.74720001220703
54.04014205932617
50.76394271850586
50.72835159301758
48.78302001953125
49.26908874511719
57.41340255737305
58.22411346435547
53.2192268371582
54.3197021484375
48.889095306396484
49.36967468261719
49.857242584228516
49.66769790649414
52.66989517211914
53.15347671508789
49.878570556640625
50.839111328125
49.498016357421875
49.82565689086914
50.286766052246094
50.38135528564453
51.08039474487305
51.78789138793945
51.11167907714844
53.039398193359375
47.68289566040039
48.99396514892578
48.81132507324219
51.18610382080078
56.453895568847656
55.81284713745117
50.643951416015625
50.79322052001953
54.6171760559082
54.956459045410156
48.338600158691406
49.274444580078125
52.657310485839844
52.87533187866211
48.86299133300781
49.16170120239258
47.95255661010742
47.94350051879883
44.73533248901367
46.086219787597656
44.143310546875
44.63761520385742
45.21256637573242
45.757362365722656
47.3600959777832
46.80349349975586
46.96414566040039
46.99762725830078
43.699893951416016
43.546852111816406
46.28242111206055
46.44019317626953
44.976322174072266
45.35753631591797
44.39545822143555
46.08089828491211
45.475406646728516
45.27387237548828
46.330230712890625
47.743202209472656
45.85558319091797
46.25367736816406
45.70743179321289
46.50413131713867
47.56595230102539
48.490699768066406
45.661338806152344
47.08555221557617
46.66188049316406
48.08268356323242
48.04751205444336
48.65965270996094
49.87555694580078
51.104713439941406
47.4529914855957
48.926170349121094
51.05247497558594
52.12162399291992
51.690616607666016
51.83356857299805
51.03969192504883
51.73942184448242
50.357418060302734
49.73700714111328
47.9777946472168
46.846282958984375
74.54483032226562
73.04816436767578
63.66285705566406
62.34794616699219
76.77194213867188
76.30364227294922
64.2925796508789
61.92778015136719
53.151039123535156
52.4942741394043
55.181617736816406
55.779293060302734
46.079166412353516
46.31018829345703
51.823646545410156
52.680484771728516
58.05653762817383
58.64057540893555
53.147178649902344
55.00811767578125
59.84695816040039
60.59955978393555
55.51155471801758
55.69976806640625
53.10857009887695
54.290592193603516
54.20197296142578
57.4143180847168
53.743309020996094
55.28247833251953
47.12528610229492
47.48783874511719
45.9139289855957
47.031307220458984
48.0119743347168
49.237335205078125
65.30525970458984
68.25395965576172
44.92465591430664
46.68149185180664
45.75147247314453
46.578758239746094
46.67303466796875
47.03211212158203
48.0501708984375
49.9798583984375
51.83414840698242
54.28403091430664
49.297767639160156
50.22089385986328
50.37938690185547
51.845680236816406
49.65599822998047
50.30009460449219
48.24355697631836
48.45025634765625
49.3380241394043
49.699039459228516
50.83575439453125
50.93339538574219
52.6746940612793
52.95755386352539
55.05209732055664
57.33207702636719
52.697383880615234
52.61713409423828
67.01610565185547
69.5378189086914
57.487388610839844
60.01298904418945
51.214603424072266
52.59553146362305
49.65262985229492
49.247314453125
51.351715087890625
52.11924743652344
58.13254165649414
56.42284393310547
56.72722625732422
56.96516036987305
54.82026672363281
56.076168060302734
73.4374771118164
74.57854461669922
78.04055786132812
80.03355407714844
73.51557922363281
71.15106964111328
99.12443542480469
96.67509460449219
70.2593765258789
68.9933090209961
60.436222076416016
56.20983123779297
50.66021728515625
51.698246002197266
48.94162368774414
49.296348571777344
61.086753845214844
60.119449615478516
48.796390533447266
49.65192413330078
51.02944564819336
52.30113220214844
47.149932861328125
48.19422149658203
46.476295471191406
48.211585998535156
52.9063606262207
53.4131965637207
51.31137466430664
52.491580963134766
52.23555374145508
53.361515045166016
52.98939514160156
54.72438430786133
48.305973052978516
50.23530960083008
50.02550506591797
51.49092483520508
57.28815841674805
58.58108139038086
54.998291015625
56.86102294921875
52.29329299926758
53.21718978881836
52.13706970214844
53.643985748291016
53.026817321777344
54.83586883544922
60.332828521728516
56.90763854980469
75.21955108642578
73.39505004882812
71.18635559082031
67.55230712890625
62.29925537109375
60.94575119018555
52.71803665161133
53.89284896850586
48.02493667602539
50.20323944091797
47.698184967041016
49.9461669921875
50.30390930175781
52.78882598876953
51.188507080078125
53.71892547607422
50.736854553222656
53.196380615234375
50.13600540161133
52.438194274902344
50.244956970214844
53.08861541748047
52.8059196472168
54.157718658447266
51.3298225402832
54.74811935424805
49.439491271972656
50.89299392700195
51.467342376708984
52.836849212646484
53.4132194519043
55.208251953125
50.6497802734375
51.789737701416016
51.06908416748047
52.04524612426758
51.149715423583984
48.837100982666016
53.3930549621582
52.73105239868164
49.329620361328125
50.99205780029297
51.18185806274414
52.40070724487305
55.54812240600586
51.85098648071289
53.01952362060547
54.95268249511719
58.59712600708008
55.53106689453125
57.12662124633789
55.61310958862305
53.766197204589844
55.63838577270508
55.66547393798828
57.781410217285156
58.21332931518555
60.592132568359375
57.1034049987793
58.35188293457031
55.73960876464844
57.090118408203125
54.0435676574707
55.999473571777344
54.3897590637207
56.398311614990234
54.609092712402344
56.9095458984375
52.94536590576172
55.633670806884766
61.01565933227539
62.14430236816406
50.72119140625
53.360591888427734
53.99687194824219
55.42699432373047
55.054046630859375
57.10398483276367
54.82054901123047
56.05101776123047
55.54264831542969
57.49007797241211
55.23017883300781
55.93102264404297
53.771385192871094
55.36530685424805
53.19598388671875
55.191490173339844
51.938899993896484
52.866294860839844
50.96134948730469
52.57991409301758
52.19938659667969
53.902618408203125
55.13711929321289
57.01121520996094
57.618629455566406
59.014652252197266
53.535499572753906
54.95888137817383
53.4394416809082
54.60973358154297
53.67936706542969
54.34292221069336
54.78733444213867
55.4857177734375
54.883323669433594
56.66366195678711
54.47074890136719
55.40900802612305
56.71639633178711
57.8928108215332
55.87486267089844
57.59067916870117
56.05751037597656
57.897605895996094
55.334285736083984
56.74097442626953
55.395301818847656
56.943355560302734
55.903751373291016
58.30641555786133
58.35287094116211
60.323482513427734
57.0543327331543
58.5404052734375
55.68917465209961
56.713104248046875
54.89096450805664
56.39740753173828
55.43509292602539
57.12884521484375
54.62153625488281
56.34516143798828
56.74205017089844
57.83399963378906
56.00161361694336
57.64948272705078
55.414825439453125
57.1341438293457
57.30184555053711
58.890220642089844
56.05901336669922
58.256046295166016
54.6033821105957
56.87650680541992
54.75226593017578
56.55884552001953
53.264320373535156
55.05959701538086
53.899940490722656
55.638309478759766
56.966835021972656
57.270389556884766
62.12164306640625
62.14376449584961
62.27902603149414
63.64053726196289
58.46828079223633
59.665225982666016
56.954811096191406
57.80220413208008
58.57356643676758
59.947147369384766
56.55517578125
57.979923248291016
53.33710861206055
54.181819915771484
55.968894958496094
57.73966598510742
56.323482513427734
57.05287551879883
58.05970001220703
58.92871856689453
58.257301330566406
60.739097595214844
55.806846618652344
58.74677658081055
54.466678619384766
55.52566146850586
56.25322723388672
56.1234130859375
58.25806427001953
57.930137634277344
57.21421813964844
56.052978515625
55.287784576416016
55.80461120605469
58.0865592956543
56.11122131347656
57.244285583496094
55.697025299072266
56.291725158691406
53.923587799072266
58.4696159362793
56.33038330078125
58.97990417480469
56.18085479736328
57.5184326171875
55.6826057434082
57.7292594909668
54.77857971191406
58.75347137451172
58.52385711669922
58.43922424316406
58.180198669433594
57.95376205444336
59.188636779785156
56.35386276245117
55.166690826416016
58.024898529052734
57.277435302734375
60.07851791381836
59.78026580810547
62.08213806152344
59.27644729614258
61.177345275878906
61.38445281982422
62.63188171386719
59.9196662902832
61.62410354614258
60.01728439331055
60.245521545410156
60.21538162231445
64.59667205810547
64.65641021728516
63.69065475463867
62.934959411621094
61.61600875854492
60.90340042114258
67.23355102539062
66.8302230834961
68.40894317626953
68.4983901977539
65.51929473876953
64.29434967041016
67.82775115966797
65.4883804321289
62.11134338378906
62.87144088745117
65.21482849121094
63.77204895019531
61.31926345825195
62.959716796875
62.623775482177734
63.24496078491211
66.73846435546875
64.90493774414062
67.4121322631836
65.68411254882812
67.87789154052734
68.65221405029297
70.65276336669922
71.5843276977539
66.46759796142578
68.2032699584961
67.3147201538086
67.75216674804688
68.23139953613281
71.1368637084961
69.0827407836914
71.19557189941406
68.09523010253906
69.29357147216797
67.71630859375
67.56459045410156
68.461181640625
69.95604705810547
67.44898986816406
67.36284637451172
70.5982437133789
73.1103515625
71.00233459472656
72.59764099121094
69.71513366699219
69.20011138916016
67.95951080322266
67.99677276611328
66.96864318847656
66.81499481201172
68.62088775634766
68.48023986816406
67.0071029663086
68.05160522460938
66.3254165649414
66.52893829345703
68.6155776977539
69.67498779296875
71.92062377929688
72.40249633789062
67.7096939086914
70.61827850341797
69.55963134765625
71.85963439941406
67.49201965332031
70.06999206542969
69.06218719482422
71.46630096435547
70.5147476196289
72.38390350341797
70.8238525390625
73.57408905029297
76.38312530517578
78.91512298583984
70.17456817626953
71.44316101074219
67.44444274902344
69.86175537109375
70.62384796142578
73.2913589477539
67.63259887695312
71.21453857421875
73.11954498291016
76.71741485595703
76.32911682128906
79.20367431640625
77.09459686279297
80.78617858886719
77.33863830566406
79.56025695800781
74.11019897460938
76.09989929199219
77.10990905761719
79.36324310302734
73.7857437133789
76.8525619506836
72.81024932861328
74.61329650878906
71.90013122558594
74.50904083251953
72.88395690917969
75.6919937133789
72.20297241210938
77.1474380493164
81.08540344238281
84.51025390625
78.6166000366211
81.95427703857422
75.65721130371094
78.46989440917969
77.01874542236328
80.21418762207031
81.01483917236328
84.70004272460938
82.32329559326172
87.07852935791016
83.82478332519531
87.49240112304688
90.77425384521484
94.85861206054688
82.58142852783203
86.93218994140625
80.68244934082031
86.41194915771484
81.91961669921875
86.67020416259766
77.63259887695312
80.83460235595703
81.09789276123047
85.69935607910156
88.30801391601562
84.12303161621094
80.4630126953125
85.29907989501953
88.2230453491211
91.46732330322266
71.72714233398438
75.42110443115234
82.17924499511719
85.57389831542969
90.7081527709961
96.06128692626953
87.02034759521484
90.41031646728516
89.0545425415039
91.03418731689453
88.71607208251953
89.67626953125
85.3871841430664
87.7236557006836
87.18480682373047
90.70809936523438
88.19306182861328
90.02758026123047
91.39320373535156
92.80853271484375
96.17306518554688
95.25106048583984
82.79998779296875
87.53667449951172
80.09169006347656
82.62556457519531
84.03099060058594
87.140380859375
82.09344482421875
83.99214935302734
83.86143493652344
85.37640380859375
82.93193817138672
85.1156005859375
86.2367172241211
88.8616943359375
84.26410675048828
86.07373046875
81.62939453125
83.23347473144531
84.8256607055664
85.97943878173828
89.79788208007812
94.0286865234375
82.93172454833984
86.17404174804688
82.20875549316406
84.53722381591797
83.55884552001953
85.11625671386719
102.93020629882812
100.38075256347656
135.26133728027344
135.63279724121094
121.32190704345703
122.47594451904297
128.84169006347656
126.36570739746094
126.97041320800781
123.00374603271484
141.81761169433594
134.4488983154297
126.59320068359375
126.5888671875
174.49765014648438
169.37103271484375
124.24238586425781
132.12753295898438
106.6730728149414
109.55303192138672
110.6239242553711
111.15503692626953
127.14183807373047
126.4456787109375
113.40428924560547
115.90811157226562
126.4963607788086
129.41258239746094
114.60995483398438
115.9430160522461
118.54734802246094
117.39178466796875
125.18924713134766
128.55322265625
127.38496398925781
127.23426055908203
126.11380004882812
130.4630889892578
111.14302825927734
113.64459991455078
127.66098022460938
126.95935821533203
112.61743927001953
114.61140441894531
109.28607177734375
112.9536361694336
121.94032287597656
122.03457641601562
127.03094482421875
128.70860290527344
133.0560302734375
134.8759765625
117.29884338378906
118.24894714355469
119.37884521484375
122.9527816772461
119.78461456298828
122.03170776367188
134.59542846679688
133.1875
114.72383117675781
119.9855728149414
131.05987548828125
130.5961151123047
127.49140167236328
127.57112121582031
147.60498046875
148.12417602539062
149.83287048339844
153.638671875
141.51246643066406
141.13844299316406
125.15049743652344
124.95514678955078
128.60882568359375
130.01988220214844
117.74457550048828
116.65365600585938
111.74188995361328
113.38729858398438
131.353271484375
131.9822235107422
134.0438232421875
133.25970458984375
137.43821716308594
136.1658172607422
126.32274627685547
126.0220718383789
119.41008758544922
119.47303771972656
119.86915588378906
123.37374114990234
134.6800537109375
137.0789337158203
117.71438598632812
120.33539581298828
125.0319595336914
122.66207122802734
140.42604064941406
143.52102661132812
126.46353149414062
125.53649139404297
135.58416748046875
133.31935119628906
118.44036865234375
118.05182647705078
125.63316345214844
130.8507843017578
123.47274017333984
125.26848602294922
135.80026245117188
132.3854522705078
118.41987609863281
117.6198501586914
128.1541748046875
127.46958923339844
122.16470336914062
122.93694305419922
114.36779022216797
116.80854797363281
108.37960815429688
113.64716339111328
110.64566040039062
113.25000762939453
119.1089859008789
120.62335205078125
118.47303009033203
123.81776428222656
113.62080383300781
116.70258331298828
99.57559967041016
103.58341979980469
114.61158752441406
116.09403991699219
122.34817504882812
122.42657470703125
110.61721801757812
117.43126678466797
109.04560089111328
112.11172485351562
114.9997787475586
115.43558502197266
110.61259460449219
115.64918518066406
120.01095581054688
120.00533294677734
138.60740661621094
135.1728515625
