96.7215347290039
44.240543365478516
47.20928192138672
40.67564010620117
38.85240936279297
43.32821273803711
42.084068298339844
52.52787399291992
50.55269241333008
66.27265930175781
65.41826629638672
50.03510665893555
52.506744384765625
60.6106071472168
61.93144226074219
61.69597625732422
66.86767578125
53.49797058105469
57.75939178466797
71.48321533203125
74.41126251220703
54.68001174926758
59.93352127075195
54.60870361328125
57.6224479675293
66.72135162353516
67.25953674316406
55.637237548828125
58.2362174987793
53.82006072998047
53.751529693603516
69.61762237548828
70.44303894042969
73.59060668945312
72.75337219238281
57.883941650390625
57.54451370239258
72.70934295654297
71.02388763427734
55.75100326538086
50.75728225708008
42.12788009643555
42.269893646240234
49.07722854614258
47.83415222167969
49.768863677978516
49.84191131591797
46.02039337158203
45.294979095458984
49.436771392822266
48.35782241821289
57.07391357421875
55.917816162109375
54.752403259277344
55.09236526489258
54.42802810668945
54.98354721069336
51.26266098022461
52.44453048706055
75.80423736572266
68.71807098388672
50.02920150756836
50.520233154296875
50.30782699584961
47.906517028808594
48.7430419921875
52.10464096069336
54.64584732055664
54.56251907348633
56.926353454589844
58.08796691894531
83.20862579345703
77.45984649658203
55.00129699707031
58.59425354003906
55.2305908203125
56.54425811767578
59.16753387451172
59.50666809082031
55.88362121582031
57.54996871948242
57.44148254394531
57.374385833740234
51.34231948852539
51.380088806152344
48.712154388427734
50.22286605834961
61.676963806152344
62.49809265136719
50.22406005859375
51.716426849365234
62.34575653076172
63.64811706542969
56.61927795410156
56.195743560791016
72.91162872314453
72.97509002685547
67.18836212158203
65.34041595458984
60.71152114868164
61.69977569580078
51.42414093017578
52.618499755859375
60.279205322265625
61.83744812011719
55.38134765625
57.44987869262695
63.75603485107422
66.42254638671875
58.492610931396484
59.58379364013672
57.81827163696289
59.27743911743164
60.61153793334961
62.917030334472656
49.73714065551758
50.396514892578125
49.44598388671875
49.32025146484375
57.873504638671875
59.70429611206055
57.041847229003906
58.577491760253906
47.80698013305664
46.72353744506836
45.467201232910156
50.357295989990234
50.726844787597656
55.66659164428711
47.50704574584961
47.876731872558594
40.44161605834961
41.7260627746582
48.433956146240234
46.87709045410156
53.92707443237305
51.91468811035156
51.342994689941406
50.60233688354492
56.27760696411133
54.921897888183594
66.08888244628906
66.48633575439453
43.929351806640625
45.38374328613281
56.90109634399414
52.03089904785156
53.8873176574707
53.076988220214844
70.61264038085938
69.08955383300781
70.38807678222656
70.58094787597656
68.51056671142578
68.9920425415039
81.44271850585938
82.93196868896484
67.11424255371094
72.68692779541016
51.28868103027344
53.33100128173828
73.4519271850586
73.27831268310547
68.40392303466797
68.8175277709961
79.504150390625
79.85038757324219
64.2502212524414
60.977108001708984
75.48115539550781
77.61752319335938
83.63348388671875
82.77356719970703
66.33699798583984
69.39100646972656
69.91742706298828
69.7492446899414
96.7215347290039
93.88343811035156
60.959808349609375
59.91255569458008
51.74523162841797
56.49703598022461
57.95201110839844
59.22979736328125
41.79634475708008
43.704566955566406
53.62855911254883
52.434967041015625
48.44587707519531
48.24959945678711
38.9355583190918
38.45954895019531
43.12665557861328
41.185428619384766
48.33769226074219
49.26173400878906
54.6038818359375
54.90824508666992
42.81840515136719
41.06685256958008
47.779991149902344
46.56774139404297
46.19271469116211
47.48866653442383
48.816307067871094
47.110897064208984
53.884056091308594
52.069068908691406
49.86479949951172
49.95779800415039
53.48721694946289
55.2228889465332
47.97068786621094
46.38698196411133
42.85749435424805
39.98765182495117
43.283203125
42.680030822753906
37.79071807861328
37.546016693115234
58.30426025390625
59.05328369140625
77.62173461914062
79.25544738769531
67.84126281738281
65.9858169555664
82.32845306396484
84.12116241455078
63.632179260253906
64.81706237792969
48.36237716674805
50.89246368408203
59.188167572021484
63.05393600463867
59.87685012817383
61.087825775146484
61.7534065246582
64.15568542480469
56.81562423706055
59.464393615722656
60.229576110839844
61.13514709472656
62.86071014404297
63.58143615722656
58.65416717529297
58.78797912597656
56.68791961669922
57.88877868652344
60.87702941894531
58.321067810058594
55.79155731201172
55.28046798706055
49.37928771972656
49.06416320800781
57.24977493286133
58.864402770996094
49.44252014160156
48.501338958740234
57.03731918334961
57.339813232421875
58.96512985229492
57.039913177490234
59.408843994140625
57.532405853271484
57.938270568847656
56.59666061401367
55.27153396606445
53.6231803894043
54.38962173461914
55.031131744384766
71.16325378417969
74.80904388427734
79.93632507324219
78.6335220336914
78.5247573852539
87.16527557373047
69.57963562011719
68.140380859375
75.96879577636719
74.22694396972656
83.20610046386719
81.24039459228516
72.02361297607422
72.12248992919922
95.16422271728516
94.37694549560547
75.07674407958984
73.16958618164062
72.10308837890625
75.25257873535156
71.03146362304688
71.22297668457031
70.05123901367188
70.0425796508789
63.346229553222656
63.886600494384766
90.05425262451172
92.1865234375
72.52526092529297
72.26266479492188
60.215023040771484
60.02961349487305
76.75397491455078
77.32036590576172
74.46856689453125
76.53460693359375
77.17362976074219
78.81246948242188
69.0554428100586
72.0808334350586
54.81193161010742
55.39778518676758
54.24800109863281
55.801944732666016
52.21699523925781
52.32286071777344
86.77174377441406
87.6856689453125
66.30450439453125
67.14988708496094
69.17082214355469
71.95455932617188
59.57170486450195
64.17133331298828
47.7059326171875
47.675445556640625
35.27747344970703
34.72860336303711
38.28366470336914
36.27227020263672
38.42624282836914
36.336021423339844
44.15464401245117
41.25996398925781
52.655784606933594
51.92820739746094
65.49357604980469
64.52598571777344
60.65981674194336
61.9078483581543
57.2751579284668
57.08061218261719
48.580291748046875
48.401180267333984
58.48435592651367
59.989524841308594
64.6265640258789
67.394775390625
63.06849670410156
65.15812683105469
92.82916259765625
96.39576721191406
101.1456527709961
99.52986145019531
147.338623046875
159.85797119140625
170.959228515625
171.52732849121094
161.35313415527344
162.7260284423828
144.53614807128906
145.43533325195312
126.72052001953125
123.68875122070312
146.99362182617188
144.5552520751953
104.90534210205078
102.1246337890625
172.9171600341797
170.66603088378906
156.99169921875
156.98912048339844
146.79884338378906
151.2751007080078
144.046142578125
145.18618774414062
153.67335510253906
153.64292907714844
136.1070556640625
145.89190673828125
135.62197875976562
137.5537567138672
148.9927978515625
154.03700256347656
126.22798156738281
124.76235961914062
150.9130859375
147.5775604248047
136.8771209716797
135.0447235107422
129.4033660888672
124.43231964111328
153.13247680664062
150.16741943359375
149.11770629882812
147.9238739013672
211.0754852294922
196.2458953857422
154.53248596191406
148.85894775390625
123.88990020751953
121.23338317871094
130.60023498535156
125.92259216308594
127.71210479736328
126.34423065185547
137.75286865234375
134.3135528564453
142.32296752929688
139.22523498535156
144.12818908691406
135.66995239257812
133.73228454589844
132.27760314941406
129.04165649414062
125.98601531982422
150.640869140625
152.8090362548828
129.00363159179688
126.94136810302734
134.93495178222656
129.36146545410156
126.70210266113281
125.93457794189453
135.74343872070312
132.37782287597656
229.28138732910156
214.33656311035156
142.3890380859375
126.79253387451172
157.1576690673828
154.92820739746094
140.5368194580078
138.81494140625
142.6671600341797
136.4957733154297
148.6646728515625
148.4062042236328
141.8616180419922
135.9691162109375
122.9566879272461
118.38260650634766
140.62368774414062
139.771728515625
127.00777435302734
123.32768249511719
115.27102661132812
114.57612609863281
139.31857299804688
134.8975067138672
130.91156005859375
124.91787719726562
131.8360595703125
126.6026611328125
141.1753387451172
136.7515106201172
140.33428955078125
139.45928955078125
126.9083251953125
125.74566650390625
140.4614715576172
141.95933532714844
133.04071044921875
134.89878845214844
201.3284454345703
203.79869079589844
207.0441131591797
208.35743713378906
223.96694946289062
220.02322387695312
216.7667236328125
215.6805877685547
192.37391662597656
195.85598754882812
195.69944763183594
198.94090270996094
188.6267547607422
190.6650390625
159.92491149902344
155.32464599609375
173.99806213378906
175.06161499023438
175.839111328125
175.99209594726562
159.19247436523438
158.94451904296875
151.7506103515625
147.9505157470703
187.63998413085938
188.78082275390625
138.73536682128906
135.39300537109375
142.65423583984375
142.30197143554688
129.50521850585938
127.14012145996094
139.75613403320312
137.40765380859375
150.6776885986328
148.10704040527344
133.73512268066406
131.66175842285156
144.03594970703125
142.34066772460938
135.95693969726562
136.30015563964844
120.05570983886719
119.40821838378906
121.943603515625
120.58561706542969
129.10630798339844
128.7445831298828
135.7085723876953
136.16883850097656
161.3858184814453
161.7825164794922
124.16393280029297
123.85762023925781
130.72926330566406
129.28721618652344
131.61123657226562
129.68238830566406
131.5291290283203
131.575927734375
126.01219940185547
124.57160949707031
109.9720230102539
108.60875701904297
113.25503540039062
112.5638656616211
126.49809265136719
126.38665771484375
119.03392791748047
117.19306945800781
112.40676879882812
111.1202163696289
113.54896545410156
109.2886962890625
118.06180572509766
116.10216522216797
117.48836517333984
115.45919799804688
100.20230865478516
100.1572265625
106.92949676513672
105.35249328613281
108.40380859375
108.63961791992188
111.82801818847656
111.62191009521484
124.91001892089844
121.46920776367188
135.0435028076172
133.70359802246094
