116.98261260986328
47.334529876708984
45.05265426635742
44.86391830444336
54.19153594970703
70.65638732910156
56.7376823425293
47.75643539428711
51.447975158691406
51.321224212646484
52.05808639526367
43.97929000854492
42.82888412475586
44.152645111083984
51.97199249267578
66.10466003417969
47.2674560546875
58.850830078125
42.3156623840332
41.309852600097656
40.665618896484375
41.05946350097656
41.475738525390625
41.45096969604492
41.52220153808594
41.52510070800781
41.783145904541016
44.18636703491211
45.86434555053711
41.3410758972168
41.01456832885742
41.893978118896484
42.3109130859375
41.539825439453125
42.57179641723633
40.72909927368164
41.357940673828125
41.723602294921875
41.9477424621582
54.24623489379883
42.05925369262695
41.6510009765625
41.483577728271484
42.1800537109375
41.4557991027832
41.19121170043945
42.645774841308594
42.740264892578125
41.064064025878906
41.78011703491211
41.55500793457031
42.24111557006836
41.92776107788086
41.41857147216797
44.8843994140625
43.41437911987305
43.09074783325195
41.007320404052734
41.2718391418457
42.41424560546875
41.730140686035156
41.26885986328125
41.40673828125
41.918739318847656
41.89742660522461
41.9561653137207
41.6522331237793
41.73141098022461
41.162654876708984
41.51177978515625
41.88654708862305
69.38945770263672
44.721946716308594
43.509674072265625
41.5052604675293
46.8571662902832
41.76983642578125
42.14954376220703
42.08773422241211
41.737545013427734
41.578529357910156
42.04307174682617
41.51314926147461
40.729923248291016
40.678741455078125
46.4017219543457
41.588226318359375
41.03446578979492
41.219512939453125
40.58604049682617
48.61388397216797
58.7524528503418
50.67795181274414
41.2874641418457
49.95170211791992
122.0130386352539
43.83203125
42.8794059753418
133.5662384033203
76.07276916503906
76.54711151123047
56.174560546875
85.51685333251953
46.295711517333984
51.71630859375
68.89430236816406
69.9181137084961
70.69286346435547
62.2166862487793
65.50337982177734
194.818603515625
137.76585388183594
197.76853942871094
63.037506103515625
58.0787353515625
51.98041534423828
44.556087493896484
41.66518020629883
49.13858413696289
41.02761459350586
41.8195686340332
41.202735900878906
69.54117584228516
42.066017150878906
42.001949310302734
115.77660369873047
100.97566223144531
41.26554489135742
40.78250503540039
40.8036003112793
41.68470001220703
43.92007064819336
49.39696502685547
42.964900970458984
41.3575325012207
40.721641540527344
41.61689376831055
41.5316276550293
41.162078857421875
42.5050163269043
41.87771224975586
42.80701446533203
131.2230987548828
65.68169403076172
65.84383392333984
126.52583312988281
96.08037567138672
67.26483154296875
117.4822998046875
102.81481170654297
126.989013671875
52.546180725097656
51.70172882080078
71.29131317138672
64.21187591552734
46.20305252075195
59.14655685424805
47.26688766479492
50.810150146484375
112.04412078857422
55.4018669128418
53.07756423950195
47.596343994140625
77.21150970458984
67.8408432006836
48.50342559814453
62.80042266845703
68.31084442138672
151.1103973388672
99.46339416503906
68.5486068725586
74.1843490600586
99.39261627197266
238.47607421875
346.1831970214844
145.2723846435547
404.56298828125
374.9047546386719
544.1600952148438
382.3495788574219
409.0586242675781
269.3061218261719
249.7770538330078
252.88623046875
628.7328491210938
649.1319580078125
714.8438110351562
507.6156311035156
405.7215270996094
334.7952880859375
545.65869140625
476.3143615722656
555.3963012695312
603.18359375
489.0869140625
404.94171142578125
314.3313903808594
350.6882019042969
279.7223205566406
322.8947448730469
341.8123474121094
217.137939453125
291.95489501953125
215.7467803955078
233.6508331298828
626.047607421875
265.0494079589844
328.019287109375
321.93804931640625
423.1691589355469
371.949951171875
300.3180847167969
307.9894714355469
368.2289733886719
326.1609802246094
327.89263916015625
291.36895751953125
447.83575439453125
274.7111511230469
216.14732360839844
1313.9346923828125
317.5795593261719
285.6731872558594
301.1412658691406
367.9390869140625
310.18426513671875
862.8092041015625
562.6697387695312
741.60693359375
529.82763671875
238.40684509277344
647.1459350585938
330.2122497558594
306.8998718261719
449.6313171386719
596.4655151367188
342.4528503417969
417.9335021972656
555.2814331054688
396.1341247558594
748.0686645507812
365.8689270019531
429.2729187011719
266.8840026855469
252.81455993652344
229.0243682861328
596.8219604492188
250.8123016357422
313.6466064453125
587.0054321289062
757.48681640625
253.1024627685547
271.6033630371094
345.46282958984375
235.45556640625
371.41827392578125
610.2875366210938
839.4387817382812
389.01910400390625
304.258544921875
267.86016845703125
286.505859375
262.0191345214844
242.59326171875
234.4959716796875
239.2235870361328
263.3005065917969
371.6071472167969
427.529052734375
356.7511901855469
365.8460388183594
494.8322448730469
475.11480712890625
628.24072265625
322.2628479003906
322.113525390625
274.91265869140625
250.7112274169922
228.624755859375
258.2537536621094
298.4507751464844
267.61773681640625
259.8480224609375
266.7597351074219
272.26873779296875
263.5439453125
267.9125671386719
264.0707702636719
269.787841796875
266.0882873535156
276.36456298828125
263.9516296386719
316.75494384765625
276.2984313964844
249.9228515625
243.98020935058594
255.0933837890625
269.31890869140625
244.6767120361328
251.5991668701172
255.10337829589844
305.8621520996094
330.88043212890625
363.5956115722656
454.4540710449219
594.4968872070312
455.95269775390625
433.3608093261719
404.27447509765625
397.5529479980469
281.5608825683594
269.1044921875
240.0567626953125
247.23193359375
240.43838500976562
276.275634765625
616.8383178710938
835.8182983398438
774.3851318359375
645.4772338867188
632.3370971679688
718.461669921875
623.1298217773438
641.9962158203125
460.46612548828125
494.3827819824219
494.63330078125
586.4406127929688
969.8828125
658.837646484375
1195.1737060546875
986.4439697265625
741.71923828125
695.4981689453125
656.6962280273438
785.435791015625
