118.74022674560547
38.36658477783203
37.256961822509766
38.239662170410156
38.674373626708984
39.871517181396484
40.05635452270508
38.342403411865234
38.10138702392578
39.82692337036133
54.48910140991211
42.50424575805664
42.87563705444336
53.060726165771484
54.231178283691406
47.92620086669922
48.37300109863281
45.8839111328125
55.657039642333984
46.41901397705078
45.43136215209961
45.618289947509766
51.262184143066406
50.270320892333984
49.25887680053711
54.705421447753906
56.84929275512695
55.44692611694336
56.179595947265625
47.191402435302734
54.973854064941406
65.75847625732422
70.58917999267578
78.25288391113281
70.34378814697266
74.33259582519531
85.47411346435547
80.29267883300781
77.63652801513672
65.9171371459961
74.55416107177734
78.66011810302734
69.66084289550781
73.3097152709961
41.1588134765625
38.997161865234375
39.15856170654297
38.45447540283203
38.50376510620117
39.99013900756836
40.03537368774414
39.44841384887695
40.58541488647461
48.80678176879883
73.37972259521484
59.915279388427734
56.06045150756836
53.02307891845703
74.21211242675781
62.665870666503906
48.65643310546875
56.02425765991211
67.92504119873047
59.088966369628906
54.07622146606445
46.40607833862305
48.842403411865234
48.02880859375
47.379695892333984
46.93319320678711
38.77012252807617
41.408512115478516
39.619869232177734
39.711151123046875
40.408203125
38.723976135253906
39.189937591552734
38.56543731689453
40.216800689697266
49.80527877807617
41.30886459350586
61.2703742980957
43.15842056274414
40.769195556640625
41.61176300048828
40.59557342529297
41.753414154052734
41.659515380859375
40.00748825073242
38.77229309082031
39.31294631958008
39.205413818359375
37.4467887878418
40.1176872253418
39.24888610839844
37.35940170288086
36.84516906738281
37.31223678588867
37.90581512451172
38.21229934692383
36.809871673583984
37.74503707885742
39.3006706237793
40.331905364990234
39.49506759643555
39.18318557739258
54.65560531616211
53.45356369018555
50.249046325683594
43.295066833496094
41.65369415283203
38.51374053955078
39.042144775390625
39.56861877441406
42.147518157958984
43.6861686706543
45.33899688720703
43.56287384033203
41.779991149902344
38.93766403198242
37.33930206298828
38.74087142944336
39.137672424316406
43.15635299682617
42.01172637939453
46.62154769897461
65.08919525146484
64.38488006591797
59.05227279663086
48.208831787109375
66.88435363769531
73.28336334228516
74.48625946044922
62.5944709777832
55.57476806640625
54.82107162475586
52.9945068359375
55.31348419189453
55.7567024230957
55.424983978271484
56.38894271850586
54.675872802734375
66.84597778320312
54.9532585144043
57.473602294921875
54.41132736206055
47.43381881713867
44.32714080810547
46.849884033203125
44.98386764526367
49.64998245239258
45.86702346801758
43.779415130615234
45.40353012084961
47.99803161621094
45.36330032348633
45.58834457397461
44.18690872192383
43.53110122680664
44.71107864379883
45.327762603759766
45.965457916259766
51.1312141418457
58.106964111328125
42.77775955200195
43.865089416503906
57.0424919128418
44.50714874267578
40.969120025634766
43.6419677734375
42.786869049072266
42.40601348876953
45.9343147277832
45.056793212890625
44.90703201293945
45.074493408203125
43.74637985229492
43.907508850097656
44.55465316772461
44.05424880981445
43.95531463623047
44.701236724853516
43.773738861083984
44.1693115234375
43.03530502319336
44.243988037109375
44.37388229370117
43.75190353393555
44.53912353515625
43.46140670776367
44.0382080078125
43.407005310058594
45.05219268798828
58.443084716796875
64.16645050048828
74.86317443847656
61.27669906616211
53.44340896606445
52.5241584777832
47.89694595336914
49.63916778564453
55.20388412475586
51.04945755004883
56.53974151611328
55.633338928222656
41.357723236083984
41.563262939453125
39.306026458740234
38.85342788696289
39.33060836791992
39.75091552734375
39.923885345458984
38.20273971557617
38.663002014160156
38.84485626220703
40.616573333740234
40.78191375732422
41.7183723449707
40.488739013671875
40.599849700927734
39.754146575927734
40.45523452758789
39.51436996459961
42.1391487121582
41.93583679199219
42.49247360229492
68.8801498413086
54.24482345581055
56.94702911376953
48.76723861694336
49.889495849609375
59.26531982421875
55.4189567565918
56.56828689575195
64.60723114013672
65.31884002685547
75.84957122802734
61.73038864135742
57.11843490600586
48.47993850708008
41.82381057739258
40.00770950317383
51.20133590698242
44.25883102416992
41.43764877319336
43.27241134643555
43.64120101928711
48.57512664794922
45.59121322631836
46.03092575073242
46.66066360473633
46.65812683105469
46.88163375854492
38.68964767456055
39.640716552734375
39.84712600708008
39.582759857177734
40.00370407104492
53.045814514160156
55.29482650756836
49.565155029296875
44.573001861572266
45.11738204956055
41.38328170776367
41.057098388671875
43.45772933959961
42.182621002197266
41.8938102722168
40.628170013427734
42.50349044799805
40.2723274230957
46.56706619262695
41.42621994018555
41.77330017089844
41.03723907470703
41.82758712768555
39.129310607910156
39.15724563598633
41.17313003540039
41.27194595336914
40.78876876831055
39.70943832397461
39.841182708740234
39.173152923583984
41.77558135986328
41.48228073120117
42.855342864990234
44.90847396850586
46.962093353271484
44.10494613647461
43.20245361328125
42.01382064819336
40.04107666015625
40.01761245727539
41.151790618896484
37.890316009521484
41.31364822387695
43.39632034301758
43.571834564208984
44.941184997558594
42.48451614379883
44.6026496887207
43.90094757080078
45.15214920043945
43.85902404785156
42.837074279785156
44.977115631103516
45.960548400878906
43.37690353393555
42.5688591003418
41.297664642333984
42.28010559082031
45.93063735961914
45.6799201965332
47.1598014831543
46.808929443359375
47.21256637573242
46.66837692260742
45.71238327026367
46.19287872314453
46.54415512084961
45.292015075683594
44.790199279785156
44.26949691772461
45.59495162963867
46.63914108276367
46.051265716552734
47.263179779052734
47.78981399536133
47.30812072753906
48.01322937011719
47.5123405456543
47.83197021484375
46.99204635620117
45.942264556884766
47.00910186767578
48.9978141784668
55.00285720825195
48.640262603759766
46.822837829589844
49.419918060302734
48.12504577636719
49.57107925415039
51.3344612121582
53.598602294921875
54.206520080566406
56.16899490356445
56.39986801147461
55.07171630859375
54.33089828491211
52.91131591796875
51.780147552490234
51.00429153442383
50.33895492553711
50.469783782958984
48.72571563720703
49.22337341308594
48.505489349365234
46.3921012878418
47.314369201660156
47.93967819213867
51.91796875
52.80491256713867
52.51107406616211
52.04204177856445
54.08944320678711
55.96343994140625
56.720314025878906
60.476844787597656
57.485084533691406
58.0788688659668
61.1915168762207
62.23032760620117
61.66004180908203
64.12934875488281
66.48479461669922
63.70380401611328
65.920654296875
64.18917083740234
64.02104187011719
62.908870697021484
64.35824584960938
66.16199493408203
68.9747314453125
68.61901092529297
67.97374725341797
68.4131851196289
71.67610931396484
70.55762481689453
66.46691131591797
67.49012756347656
67.1525650024414
69.44500732421875
66.59207916259766
66.91515350341797
68.35430145263672
65.21533203125
66.71331024169922
67.22782135009766
66.34165954589844
64.24549102783203
66.17610168457031
67.39573669433594
72.17269134521484
72.41167449951172
72.24639129638672
71.50090789794922
71.49617004394531
70.5482406616211
71.27154541015625
72.00112915039062
75.33050537109375
77.03023529052734
76.61577606201172
76.90966033935547
76.7577133178711
78.47592163085938
79.13915252685547
77.45379638671875
79.64824676513672
79.06151580810547
77.35662841796875
76.58784484863281
75.94654846191406
75.63240814208984
81.47551727294922
82.6783218383789
80.81949615478516
81.85560607910156
85.0559310913086
85.88648223876953
84.82928466796875
82.7237319946289
86.4604263305664
80.75081634521484
83.0986328125
85.80414581298828
81.41142272949219
82.73939514160156
86.36861419677734
88.94091033935547
84.86238098144531
86.1960678100586
84.00009155273438
90.85389709472656
86.35008239746094
86.31881713867188
85.09612274169922
86.036376953125
88.33235168457031
89.57049560546875
88.65140533447266
89.2145767211914
82.1250228881836
87.02262115478516
90.6571273803711
90.04952239990234
91.07207489013672
88.73634338378906
88.19749450683594
93.21514129638672
90.4598159790039
90.09638977050781
90.83954620361328
89.20067596435547
92.40425109863281
87.44278717041016
107.97132873535156
104.32132720947266
98.08409881591797
101.19209289550781
100.01719665527344
103.04692840576172
115.9711685180664
169.00929260253906
119.5068359375
103.57759094238281
104.64025115966797
130.6826171875
111.40266418457031
130.4620361328125
112.99324798583984
111.49800109863281
119.9820327758789
133.79052734375
125.65409088134766
117.70201873779297
116.89139556884766
114.22914123535156
112.1828384399414
121.16926574707031
118.785888671875
123.35491943359375
111.94287109375
122.1165542602539
131.03968811035156
125.2369613647461
116.94648742675781
124.56407928466797
115.82659149169922
150.9554901123047
148.0123291015625
128.6280975341797
121.2774658203125
128.90037536621094
116.35676574707031
114.76899719238281
112.6387710571289
123.6749496459961
132.37713623046875
122.23236083984375
118.99283599853516
131.784423828125
119.02760314941406
114.1557388305664
126.59600067138672
139.0848846435547
118.10018157958984
128.47373962402344
108.1288833618164
120.3248291015625
118.6807632446289
125.41515350341797
115.84331512451172
119.90411376953125
117.21284484863281
106.5699462890625
109.1343994140625
116.06102752685547
115.7828140258789
114.5191879272461
105.05199432373047
93.04060363769531
105.61296844482422
118.61085510253906
108.69036102294922
108.5340805053711
121.17314910888672
108.69232177734375
110.5206527709961
131.8776397705078
