120.02750396728516
55.226402282714844
50.53877639770508
50.07134246826172
46.94246292114258
49.20754623413086
45.10499954223633
59.7530632019043
56.4947509765625
63.070526123046875
61.05339431762695
54.277915954589844
54.4715690612793
50.96609115600586
52.55312728881836
53.29747009277344
54.9454460144043
57.75676345825195
53.715240478515625
53.032535552978516
50.470375061035156
50.27210998535156
46.0382080078125
46.501014709472656
43.19618225097656
53.12757873535156
48.32747268676758
52.751060485839844
56.118350982666016
62.48535919189453
67.04498291015625
53.08351135253906
53.00651168823242
61.84117889404297
58.671016693115234
47.50321578979492
42.712894439697266
46.63075256347656
42.74916458129883
48.13053512573242
43.64824295043945
47.78683090209961
43.49021530151367
47.83325958251953
43.48588562011719
47.92761993408203
43.477474212646484
48.29753875732422
43.79152297973633
47.827693939208984
43.52519989013672
48.85653305053711
43.93800735473633
48.03959274291992
43.326168060302734
49.38801193237305
45.922401428222656
47.66569519042969
43.50382614135742
48.981422424316406
44.55601119995117
51.24336242675781
44.981117248535156
48.89529800415039
43.6490364074707
48.95803451538086
44.70106506347656
47.63739776611328
43.39103317260742
48.699337005615234
43.89767837524414
49.77986145019531
44.74209213256836
49.29888153076172
43.76560974121094
49.60956954956055
44.960269927978516
49.98272705078125
44.99195861816406
48.1796760559082
44.219600677490234
48.48328399658203
44.09844207763672
49.757835388183594
44.855140686035156
49.67464828491211
45.086360931396484
48.45317459106445
43.79678726196289
48.78539276123047
44.392677307128906
48.6593017578125
44.477699279785156
48.49249267578125
44.01097869873047
48.34367370605469
43.48160934448242
48.903656005859375
44.253971099853516
48.97544479370117
44.199951171875
49.897605895996094
45.34046936035156
49.48378372192383
44.97785186767578
48.938392639160156
44.60001754760742
48.42975997924805
45.757423400878906
48.13471221923828
43.9223518371582
49.21964645385742
44.720184326171875
47.65019607543945
43.397525787353516
48.26856994628906
43.919071197509766
49.00591278076172
44.5822868347168
48.98085403442383
44.410888671875
48.262691497802734
43.620574951171875
48.29745864868164
44.077125549316406
50.07469940185547
45.359004974365234
49.00259017944336
44.52164077758789
48.73408508300781
44.276519775390625
49.13313674926758
44.620933532714844
49.03547668457031
44.74398422241211
48.24099349975586
43.937225341796875
49.07625961303711
44.572967529296875
48.92382049560547
44.7094841003418
68.54125213623047
68.40509033203125
48.67951583862305
44.34092712402344
48.43107986450195
47.996822357177734
49.492210388183594
44.847808837890625
49.177276611328125
44.6120719909668
49.36278533935547
44.755035400390625
49.188682556152344
44.55025863647461
50.20519256591797
45.20144271850586
49.96074295043945
44.94267272949219
49.11054611206055
44.59568405151367
48.12720489501953
43.24604415893555
48.47022247314453
44.10679244995117
47.156761169433594
42.867000579833984
48.266963958740234
43.408485412597656
51.38547897338867
49.76069641113281
47.97709274291992
43.65946578979492
49.074317932128906
44.61457824707031
48.9017333984375
44.16773223876953
48.37548065185547
43.84136199951172
47.74812316894531
46.35528564453125
51.510154724121094
47.15455627441406
46.76447677612305
42.67211151123047
47.539371490478516
43.465492248535156
50.36310958862305
47.37752151489258
70.99677276611328
66.29764556884766
47.425323486328125
43.101627349853516
47.19967269897461
43.17145919799805
87.92340087890625
78.25851440429688
48.8574333190918
45.97679138183594
49.04541778564453
47.21031188964844
49.46524429321289
44.837867736816406
56.261695861816406
54.74610137939453
48.24863815307617
44.05205535888672
47.93809509277344
43.59123229980469
50.68505859375
49.906654357910156
48.322025299072266
44.8801155090332
55.628875732421875
52.32708740234375
50.269081115722656
51.35685729980469
56.28032302856445
52.2393913269043
120.02751159667969
113.39498138427734
90.3451919555664
91.01941680908203
89.4339828491211
75.24917602539062
59.01885223388672
57.363887786865234
47.82213592529297
43.685359954833984
56.873905181884766
50.006141662597656
47.6109619140625
43.56880187988281
46.19947052001953
42.112247467041016
49.243072509765625
47.831600189208984
47.42695236206055
43.428287506103516
48.42135238647461
44.4562873840332
48.84803771972656
45.08208084106445
52.047080993652344
54.63434600830078
47.63227081298828
43.310585021972656
46.93828201293945
42.751380920410156
46.7081184387207
42.81476974487305
49.6729621887207
42.944435119628906
47.459625244140625
43.42066192626953
47.325077056884766
43.28849792480469
47.590980529785156
43.22052764892578
47.3795280456543
43.62306594848633
47.5037727355957
43.27308654785156
65.26005554199219
57.6182975769043
48.2205810546875
43.592891693115234
47.8708610534668
43.5178108215332
47.462249755859375
43.61698913574219
48.93361282348633
44.64507293701172
49.20405578613281
44.83039474487305
49.72903060913086
45.25310134887695
48.45293045043945
44.27544021606445
49.205448150634766
44.34823226928711
47.61224365234375
43.480010986328125
68.22957611083984
70.97682189941406
60.38566589355469
60.61763000488281
63.27894592285156
62.559932708740234
89.80059814453125
87.03059387207031
86.23912048339844
71.99855041503906
61.784000396728516
60.59452438354492
78.9892807006836
77.23643493652344
94.48482513427734
83.43940734863281
128.3247833251953
118.47901916503906
55.01958465576172
53.26131057739258
50.2242317199707
48.27140426635742
62.942787170410156
60.99663543701172
51.159027099609375
46.58022689819336
50.58896255493164
44.052616119384766
52.23486328125
46.248958587646484
52.581451416015625
51.644447326660156
53.07607650756836
53.33269500732422
69.03436279296875
66.91650390625
62.65042495727539
61.43840408325195
52.070411682128906
52.49641799926758
50.814334869384766
46.11869812011719
65.69231414794922
70.05443572998047
74.84909057617188
68.50662231445312
60.321651458740234
56.8160514831543
52.69837951660156
50.20249938964844
65.59842681884766
63.45204162597656
125.94141387939453
137.5125732421875
71.98084259033203
68.68229675292969
60.91579055786133
58.60307693481445
83.00869750976562
81.8519058227539
100.55435943603516
93.72633361816406
177.1746063232422
196.56141662597656
199.33908081054688
212.1829833984375
112.80284118652344
111.62288665771484
185.872314453125
162.24794006347656
417.6752014160156
432.953857421875
445.9393310546875
480.0606994628906
439.4433898925781
466.4158935546875
442.5004577636719
439.0003356933594
426.2376708984375
418.61212158203125
399.3811340332031
392.35284423828125
467.5282897949219
460.8323669433594
449.30743408203125
438.1550598144531
439.76605224609375
443.3949890136719
431.0445251464844
424.01953125
442.70623779296875
463.5375671386719
413.711669921875
428.4732666015625
425.99737548828125
449.347900390625
453.577880859375
458.3255310058594
462.3119201660156
490.44635009765625
465.3603820800781
497.19677734375
457.4502258300781
470.72900390625
452.4198913574219
438.9056091308594
530.373046875
520.736083984375
535.2237548828125
526.75244140625
536.0827026367188
533.4055786132812
504.12225341796875
488.0545349121094
607.151123046875
592.0796508789062
441.283447265625
440.1832275390625
397.89599609375
408.1222229003906
367.1213684082031
383.6272888183594
392.72705078125
399.88958740234375
410.26068115234375
412.5045166015625
388.7177734375
377.92413330078125
489.8235168457031
497.1563415527344
332.2916259765625
349.5098876953125
304.9037170410156
307.02734375
273.127197265625
308.1707763671875
290.25567626953125
318.6700744628906
253.1947021484375
267.5841979980469
253.2887725830078
256.61737060546875
276.63885498046875
272.68017578125
270.8888244628906
260.1898498535156
318.39630126953125
312.105712890625
335.3681640625
341.4030456542969
348.4041748046875
365.06292724609375
308.02252197265625
310.19000244140625
353.9807434082031
363.37445068359375
356.33563232421875
375.4514465332031
359.7374572753906
383.9830627441406
413.1214294433594
434.43084716796875
432.0074157714844
431.1850280761719
412.9723815917969
406.43402099609375
378.6208190917969
395.47027587890625
439.65948486328125
476.3555603027344
376.5912170410156
368.6293029785156
405.6263732910156
412.3450622558594
343.3942565917969
329.90606689453125
341.6611022949219
338.5480651855469
387.877197265625
393.6420593261719
386.2492370605469
384.86029052734375
411.3301086425781
413.0869445800781
396.8418273925781
386.7502746582031
447.8822021484375
439.5975341796875
384.38970947265625
402.3725280761719
434.0595397949219
455.3022155761719
363.6638488769531
375.7532958984375
357.7519836425781
360.251708984375
343.9632873535156
354.4549865722656
352.92974853515625
362.37237548828125
366.8941345214844
369.4325866699219
383.8311767578125
389.1648864746094
375.8550109863281
381.1770935058594
380.5183410644531
367.4359130859375
386.0305480957031
389.1560974121094
405.0504150390625
408.1751403808594
438.54376220703125
433.6779479980469
418.5991516113281
455.75128173828125
387.99072265625
409.27044677734375
414.5396423339844
453.34552001953125
361.64971923828125
391.0747375488281
370.634033203125
391.8362121582031
348.16998291015625
380.0765075683594
394.56890869140625
418.6936950683594
389.171875
415.88568115234375
433.07403564453125
446.406494140625
507.1582336425781
483.78350830078125
395.1620178222656
414.66912841796875
387.8769226074219
417.18310546875
368.01678466796875
390.817138671875
355.6800231933594
379.3938903808594
332.9878234863281
360.6370544433594
337.46697998046875
368.517578125
350.49560546875
379.87835693359375
395.138427734375
405.5766906738281
378.4267883300781
389.25701904296875
333.52740478515625
356.412109375
338.0498046875
365.9145812988281
339.3421936035156
366.1957702636719
355.26873779296875
373.8413391113281
365.87127685546875
387.3423767089844
354.4926452636719
379.8572082519531
350.3704833984375
382.737548828125
347.4510192871094
377.9822998046875
322.7449645996094
348.0039367675781
326.2886962890625
354.7422790527344
315.3816833496094
336.14727783203125
308.7611389160156
325.94580078125
323.5380554199219
347.095458984375
287.2052001953125
304.6134948730469
298.03955078125
314.86297607421875
303.6930847167969
326.84368896484375
311.2818603515625
334.9566345214844
306.7127685546875
326.7215881347656
284.9644775390625
298.34844970703125
306.6692199707031
325.31658935546875
326.1252746582031
324.8765563964844
322.50836181640625
332.9598083496094
315.13543701171875
336.1397705078125
302.0567932128906
317.6242370605469
310.47882080078125
338.4129333496094
271.0266418457031
303.0802307128906
321.78936767578125
339.46917724609375
292.7428894042969
310.4696044921875
284.92578125
309.5706481933594
278.2377014160156
303.2757568359375
298.727294921875
327.4933776855469
289.6914367675781
308.26080322265625
308.3672180175781
331.94488525390625
340.4692687988281
348.6162414550781
368.1358947753906
393.391845703125
351.16058349609375
390.2709045410156
361.8052062988281
390.43560791015625
324.9555358886719
324.5445861816406
335.4916687011719
323.6535339355469
474.7260437011719
445.2892761230469
421.0994567871094
395.2400817871094
407.5455017089844
401.0418395996094
387.0833740234375
391.9763488769531
330.8187255859375
352.50091552734375
334.77471923828125
355.41107177734375
336.9765625
349.5852355957031
324.8720703125
346.86090087890625
318.8232421875
329.1985778808594
401.6288146972656
353.6143798828125
741.0699462890625
679.9918212890625
796.7774047851562
767.8379516601562
586.6302490234375
603.9093017578125
535.3593139648438
625.5767211914062
645.9346313476562
655.955322265625
546.6520385742188
580.39111328125
477.436767578125
483.5194091796875
498.4423522949219
469.3040771484375
450.5110778808594
451.8892517089844
483.34619140625
496.4599914550781
536.6848754882812
548.6214599609375
803.4769897460938
797.9992065429688
640.5131225585938
622.0872192382812
991.0795288085938
932.9029541015625
1011.8580932617188
970.3489990234375
767.9190063476562
742.1924438476562
713.996826171875
711.0641479492188
498.4028625488281
556.5721435546875
653.417724609375
639.6731567382812
