92.09386444091797
57.25958251953125
56.66835403442383
65.82996368408203
63.64137649536133
59.6152229309082
56.29307556152344
51.374610900878906
50.46312713623047
42.61768341064453
41.70289611816406
50.198387145996094
47.901695251464844
57.99409484863281
57.213348388671875
39.73860168457031
37.742916107177734
50.38697814941406
51.14546203613281
42.09977340698242
42.27890396118164
53.21487045288086
50.10051727294922
60.62757110595703
59.80607223510742
66.50090789794922
63.13007736206055
65.35457611083984
61.80318832397461
53.023887634277344
50.54010772705078
50.094444274902344
48.42502212524414
46.40329360961914
46.17076873779297
58.73857498168945
58.45100402832031
45.67795181274414
45.067108154296875
58.275474548339844
58.87108612060547
70.20880126953125
71.06611633300781
56.17765808105469
55.84907913208008
47.61275100708008
46.00495910644531
41.78645706176758
38.73701477050781
53.423500061035156
54.8296012878418
51.2148551940918
51.24484634399414
54.91762161254883
54.49039077758789
61.84401321411133
62.84562301635742
55.242408752441406
55.030517578125
51.86933898925781
52.40884780883789
45.58045196533203
44.71736145019531
34.67555236816406
35.70464324951172
52.51374816894531
53.28215408325195
69.02229309082031
71.05052947998047
52.46619415283203
53.93608093261719
66.24566650390625
65.14945220947266
43.950225830078125
45.153263092041016
46.81797790527344
46.125389099121094
58.32156753540039
57.38542175292969
52.475555419921875
53.30174255371094
71.74189758300781
70.6706314086914
81.99596405029297
80.48381042480469
59.60591506958008
57.104095458984375
60.54377365112305
60.1439094543457
72.23098754882812
69.61044311523438
72.19905853271484
72.77286529541016
71.37126159667969
70.69219970703125
57.235992431640625
58.93192672729492
69.29173278808594
64.56588745117188
54.75215530395508
52.09685516357422
65.97836303710938
65.49662780761719
40.72257614135742
40.9879150390625
49.76577377319336
49.03774642944336
40.591331481933594
39.95574951171875
44.220523834228516
41.934730529785156
47.1843376159668
45.68574523925781
32.43838119506836
33.392822265625
33.278358459472656
34.849727630615234
55.41267776489258
52.45427322387695
35.72903060913086
36.315582275390625
38.78784942626953
38.54464340209961
63.02526092529297
61.877071380615234
53.26525115966797
50.80401611328125
66.31904602050781
66.95974731445312
41.42116928100586
40.897315979003906
49.5489501953125
48.689674377441406
75.12260437011719
72.98326110839844
81.49254608154297
76.76953887939453
45.98030471801758
45.926658630371094
46.283451080322266
41.98573303222656
53.906776428222656
53.2022819519043
72.83029174804688
70.74030303955078
50.40707778930664
49.07027053833008
64.58089447021484
61.61344528198242
69.67933654785156
68.64666748046875
70.8418197631836
69.68499755859375
46.93241882324219
44.70429992675781
50.78940963745117
48.188392639160156
85.47322845458984
83.00633239746094
88.36901092529297
87.36228942871094
55.283626556396484
52.69741439819336
46.763389587402344
44.70126724243164
44.62224578857422
42.894775390625
55.34589767456055
54.001094818115234
51.2081413269043
49.94694519042969
40.70326232910156
39.830535888671875
38.61238479614258
38.16552734375
52.60733413696289
50.45272445678711
55.42515563964844
54.124080657958984
43.81010818481445
44.07547378540039
32.16574478149414
32.08650207519531
35.727783203125
34.95314407348633
37.89896011352539
36.943885803222656
39.28840255737305
38.804447174072266
45.65725326538086
45.372825622558594
42.41469955444336
41.28718948364258
42.603858947753906
41.30009078979492
47.17970275878906
44.78195571899414
60.141883850097656
60.112205505371094
41.237945556640625
40.751609802246094
44.70597457885742
45.09982681274414
45.074867248535156
43.6431770324707
59.834999084472656
57.435523986816406
49.6688232421875
49.81398391723633
52.34377670288086
50.805137634277344
53.11133575439453
52.05696487426758
51.95878601074219
51.56450271606445
45.58887481689453
42.96153259277344
60.123191833496094
57.72243881225586
71.07649230957031
70.35189819335938
92.09386444091797
91.61527252197266
62.24915313720703
61.237388610839844
58.348873138427734
56.4639778137207
74.24832153320312
71.87268829345703
62.39992904663086
61.96013259887695
43.78107833862305
44.39835739135742
42.55129623413086
42.79092025756836
40.509315490722656
38.824092864990234
41.654876708984375
41.18964385986328
45.523353576660156
44.0460319519043
39.40439224243164
37.411712646484375
38.306190490722656
37.34428787231445
38.98632049560547
37.713069915771484
40.78270721435547
38.27330780029297
36.89713668823242
34.88025665283203
36.75938415527344
35.85029602050781
39.78938674926758
39.546451568603516
41.64503479003906
41.08152770996094
52.14750671386719
51.60091018676758
61.21495056152344
60.33949279785156
83.07970428466797
81.4548110961914
90.77622985839844
87.4800033569336
77.67018127441406
77.46196746826172
86.81431579589844
83.47970581054688
79.98390197753906
80.21843719482422
73.23616027832031
73.10482788085938
91.4649887084961
91.65387725830078
87.91561889648438
84.44508361816406
89.39838409423828
86.65105438232422
84.91992950439453
81.04678344726562
76.13623046875
71.55509948730469
74.9245376586914
67.88134765625
114.89974212646484
107.68989562988281
86.78441619873047
82.5279312133789
74.4393081665039
76.75346374511719
85.41114044189453
86.66927337646484
88.0992660522461
83.71334075927734
112.35026550292969
103.12261962890625
98.24874877929688
94.14388275146484
94.36808013916016
90.33966064453125
93.73971557617188
90.50776672363281
112.36099243164062
113.30867004394531
96.74083709716797
96.44000244140625
119.1365966796875
119.4477310180664
99.71582794189453
99.46617889404297
116.09054565429688
119.26542663574219
157.928466796875
154.24549865722656
99.38512420654297
96.40315246582031
124.92327880859375
127.35113525390625
93.81829833984375
95.47077178955078
96.03932189941406
95.07405090332031
86.7119140625
89.25630950927734
78.02228546142578
80.49201965332031
60.684165954589844
60.9251594543457
65.88341522216797
66.70429992675781
92.19532012939453
90.65459442138672
92.38392639160156
86.87883758544922
58.1315803527832
55.70307540893555
60.88710021972656
58.4501953125
81.55266571044922
75.35472869873047
103.87135314941406
99.76283264160156
100.12855529785156
95.1553726196289
66.85728454589844
63.19694900512695
57.59792709350586
53.72544479370117
50.61149215698242
48.137813568115234
45.044795989990234
45.193721771240234
50.801177978515625
51.32469177246094
46.988040924072266
45.08635711669922
41.928001403808594
39.01860809326172
47.69730758666992
46.390769958496094
45.161441802978516
42.90061950683594
50.3288688659668
47.90679931640625
37.73500442504883
38.11594772338867
39.02772521972656
38.50276184082031
36.91796112060547
38.1558837890625
37.30360412597656
36.70103073120117
49.163631439208984
47.308475494384766
35.9785270690918
36.03705978393555
46.101722717285156
47.191612243652344
45.27806091308594
46.391502380371094
45.176544189453125
46.273841857910156
45.19103240966797
46.297332763671875
49.892051696777344
51.701656341552734
51.48413848876953
54.04242706298828
51.026771545410156
53.520545959472656
48.16779708862305
45.505348205566406
49.217525482177734
45.43513107299805
53.076786041259766
51.7415885925293
57.20345687866211
55.95939636230469
41.88376235961914
39.89189147949219
43.026885986328125
42.04469299316406
49.89545822143555
49.74939727783203
51.02714157104492
49.15354919433594
54.60301208496094
52.43122482299805
59.33766555786133
59.36811065673828
64.58541870117188
61.82764434814453
69.39627075195312
65.3161849975586
62.886138916015625
60.8353385925293
87.88899993896484
86.91050720214844
51.32942581176758
49.54850387573242
60.04302978515625
56.57646179199219
56.91716766357422
52.372501373291016
62.29039764404297
60.29819869995117
72.85423278808594
69.93914794921875
73.2640380859375
70.38249969482422
59.165645599365234
57.234920501708984
68.18286895751953
66.67094421386719
59.50196838378906
58.42185974121094
52.887939453125
49.08377456665039
80.13936614990234
77.21344757080078
78.55022430419922
80.11249542236328
60.38032150268555
61.76809310913086
88.47606658935547
89.96517944335938
59.08367156982422
56.52073669433594
73.02123260498047
70.43173217773438
63.754127502441406
63.75476837158203
73.37132263183594
70.07215881347656
91.55611419677734
92.62763214111328
100.64009094238281
99.26325225830078
130.25125122070312
125.11922454833984
72.72037506103516
73.95689392089844
69.21954345703125
70.19842529296875
64.1914291381836
62.78209686279297
77.07051849365234
75.5899887084961
73.24038696289062
73.18238830566406
63.25787353515625
63.41805648803711
87.3987808227539
84.5818862915039
114.30259704589844
112.70911407470703
117.14170837402344
115.64030456542969
78.08203125
78.12408447265625
122.42326354980469
121.83592224121094
58.22102355957031
58.27781677246094
71.1973648071289
70.30908203125
72.75908660888672
69.45357513427734
77.55183410644531
77.35213470458984
96.09149932861328
90.31340026855469
81.89403533935547
79.43492126464844
85.24527740478516
85.21873474121094
79.70724487304688
78.80767059326172
75.04443359375
76.83103942871094
58.02278518676758
58.92671585083008
69.58625793457031
69.33363342285156
59.70489501953125
57.58814239501953
70.61743927001953
67.70903778076172
90.23920440673828
85.55472564697266
97.43824005126953
92.50952911376953
110.26769256591797
107.68402862548828
96.38037872314453
93.46863555908203
50.08192443847656
47.973140716552734
46.83981704711914
47.47841262817383
46.99405288696289
47.431175231933594
44.013126373291016
44.64753341674805
44.76718521118164
45.86782455444336
50.17112350463867
51.077064514160156
51.02048110961914
52.560123443603516
72.58830261230469
73.68160247802734
46.95537567138672
48.167266845703125
47.68252944946289
47.70515060424805
46.27300262451172
46.68865203857422
48.88541030883789
49.7053337097168
41.35944366455078
42.88816833496094
75.93645477294922
72.4099349975586
83.78185272216797
84.08844757080078
59.95668029785156
58.47459030151367
76.65872192382812
76.21334838867188
60.98234939575195
59.614295959472656
58.912811279296875
58.71592712402344
46.25477600097656
45.84870529174805
45.27460479736328
44.13046646118164
41.43791961669922
38.95708465576172
42.439796447753906
40.247344970703125
41.884742736816406
39.51966094970703
40.17021560668945
39.561710357666016
40.47139358520508
39.54167938232422
39.85141372680664
40.324310302734375
40.25421142578125
39.21541976928711
41.20303726196289
40.460357666015625
38.61873245239258
39.07750701904297
41.46554183959961
42.188358306884766
40.03866958618164
37.50046157836914
43.9155387878418
43.92190933227539
45.32644271850586
45.547950744628906
40.50802993774414
40.133914947509766
45.59429168701172
42.63691329956055
66.43106079101562
64.78937530517578
72.78211212158203
69.77388763427734
43.25200271606445
43.13559341430664
40.00857162475586
39.336082458496094
42.40044021606445
40.9295539855957
43.82158660888672
42.656097412109375
43.57186508178711
42.16080856323242
44.76189422607422
44.531959533691406
44.95362854003906
43.85329055786133
42.88479995727539
42.872772216796875
41.72628402709961
40.93178939819336
45.83824157714844
45.49429702758789
41.432743072509766
41.608455657958984
39.21709060668945
40.56730270385742
40.14628219604492
41.117427825927734
42.46284866333008
43.01532745361328
43.77249526977539
43.22883987426758
43.66773223876953
44.54114532470703
46.37940216064453
46.781455993652344
45.228023529052734
43.95541763305664
42.31783676147461
40.227359771728516
63.44675064086914
60.60124206542969
71.22100830078125
69.11162567138672
92.65878295898438
90.9961166381836
102.8434066772461
98.7535171508789
71.90162658691406
69.57964324951172
59.64738464355469
57.87605667114258
58.4318962097168
56.527915954589844
50.784202575683594
54.70500564575195
50.66761016845703
49.7103385925293
50.099945068359375
49.55860900878906
48.56629943847656
46.926605224609375
55.31990432739258
57.31455612182617
44.95724868774414
44.13579559326172
54.85808181762695
57.9855842590332
45.658809661865234
47.803592681884766
40.83575439453125
39.175819396972656
54.95182418823242
57.29922866821289
44.044857025146484
44.74311447143555
