124.3553466796875
45.67155456542969
37.9821891784668
36.91292953491211
43.35651397705078
49.2415657043457
51.73248291015625
46.10273361206055
43.447479248046875
40.3421516418457
43.28620147705078
42.60404968261719
37.04909896850586
40.81135559082031
39.188514709472656
37.28339385986328
36.171688079833984
36.81081008911133
33.597740173339844
34.57493591308594
34.47876739501953
34.1312370300293
35.39078903198242
34.087642669677734
37.75756072998047
37.66501998901367
36.631282806396484
35.46382141113281
36.889217376708984
44.984474182128906
40.962303161621094
39.68854904174805
45.333282470703125
41.993934631347656
42.272151947021484
48.764156341552734
34.471927642822266
40.395591735839844
36.4005012512207
36.012996673583984
39.10240173339844
35.35505294799805
38.08938217163086
37.01762008666992
39.62261962890625
38.694576263427734
37.18227767944336
36.70918655395508
37.327064514160156
34.762603759765625
37.51418685913086
46.32139587402344
35.520809173583984
34.01237106323242
31.4258975982666
33.514949798583984
37.08159255981445
38.501007080078125
36.216793060302734
35.5727653503418
35.18248748779297
34.43317413330078
36.41266632080078
36.6191520690918
34.08451461791992
35.66278839111328
36.25143051147461
34.70148849487305
36.045589447021484
35.24151611328125
34.169368743896484
35.32453155517578
34.30908966064453
34.825714111328125
36.1544303894043
36.272216796875
37.60744857788086
36.456642150878906
36.478057861328125
36.51996994018555
33.63726806640625
33.97098922729492
34.26673126220703
34.18025588989258
33.16413497924805
35.74379348754883
33.78266525268555
41.16902542114258
51.41655349731445
40.8888053894043
46.265357971191406
38.84916305541992
36.78044509887695
41.86013412475586
50.365962982177734
38.08657455444336
36.132991790771484
33.1577262878418
36.560455322265625
36.1257438659668
53.24856185913086
38.32621383666992
37.94875717163086
44.02254867553711
46.5361213684082
72.50874328613281
45.33080291748047
44.80680465698242
34.15322494506836
33.79659652709961
37.21946334838867
34.594112396240234
35.51079559326172
33.875244140625
39.3822021484375
53.656734466552734
61.03231430053711
54.91231918334961
59.712989807128906
55.32167434692383
59.5666389465332
59.1839714050293
49.35984802246094
60.9344596862793
55.961666107177734
48.981781005859375
45.6556510925293
49.90927505493164
68.38565826416016
58.88652420043945
64.9443359375
68.05415344238281
57.97951889038086
60.40102767944336
57.353668212890625
64.9400634765625
62.7335090637207
58.9747314453125
61.7419548034668
60.6682243347168
46.95710372924805
44.25627136230469
48.990108489990234
52.97805404663086
58.932647705078125
52.31728744506836
60.284339904785156
52.760658264160156
45.95539474487305
47.402137756347656
52.08962631225586
68.21099090576172
80.93242645263672
68.30074310302734
54.27810287475586
54.35578536987305
78.72594451904297
64.24400329589844
69.3973617553711
81.4453125
67.53478240966797
60.86079788208008
70.41185760498047
69.9949722290039
77.9800796508789
60.03424835205078
52.28312301635742
62.39850616455078
69.64814758300781
47.94021987915039
46.12092208862305
40.20473861694336
38.43925476074219
36.10018539428711
33.04719543457031
31.934701919555664
39.4111442565918
34.30039596557617
35.53327941894531
42.99395751953125
49.31189727783203
54.86843490600586
38.71089553833008
54.1639518737793
56.61202621459961
69.15351104736328
42.1279411315918
55.134071350097656
65.88301086425781
76.67618560791016
48.95955276489258
63.47174072265625
71.22328186035156
64.8342056274414
50.58238220214844
57.91291427612305
64.0268783569336
73.30492401123047
72.36177825927734
51.80329513549805
49.57940673828125
52.66450881958008
54.969886779785156
42.730323791503906
46.77153396606445
50.61823654174805
52.75959396362305
55.67556381225586
42.20367431640625
42.450477600097656
45.878170013427734
44.56248474121094
43.166175842285156
45.078609466552734
41.63399887084961
44.551753997802734
40.9713134765625
40.08889389038086
40.145748138427734
45.90861129760742
72.00525665283203
57.3356819152832
69.54443359375
59.72605514526367
52.03852462768555
54.81793212890625
64.91179656982422
65.284423828125
78.42477416992188
70.5255355834961
46.936859130859375
59.88995361328125
49.006935119628906
40.795467376708984
36.11246109008789
38.17448043823242
38.2221794128418
40.592037200927734
38.31525421142578
35.3552360534668
36.15041732788086
39.20854568481445
35.75324630737305
36.154296875
35.43534469604492
36.447383880615234
42.19367599487305
51.221736907958984
61.21345138549805
60.18157958984375
58.85518264770508
68.058349609375
67.66629791259766
55.76043701171875
66.52638244628906
56.424041748046875
61.1764030456543
88.23677825927734
63.502864837646484
50.74201583862305
78.84386444091797
73.05574798583984
54.73830795288086
63.875946044921875
57.28961944580078
77.60762786865234
62.024959564208984
68.68379211425781
62.83790969848633
70.57942962646484
83.83673858642578
85.34371185302734
73.83773803710938
85.1618423461914
78.3825454711914
82.4166259765625
79.86135864257812
69.431640625
68.92555236816406
71.62226867675781
68.41735076904297
54.64927291870117
47.30819320678711
62.76412582397461
66.90652465820312
58.1519889831543
58.05585861206055
63.83089828491211
54.34990310668945
53.06903076171875
37.82096481323242
46.408931732177734
46.56007766723633
47.12485122680664
41.99797821044922
41.416175842285156
46.688446044921875
56.3063850402832
51.680660247802734
54.5543212890625
36.8879508972168
37.930110931396484
37.28452682495117
37.781917572021484
40.165035247802734
39.56668472290039
41.00477600097656
40.856689453125
40.82782745361328
40.78762435913086
41.412288665771484
41.39205551147461
41.45888900756836
42.60759353637695
40.50922775268555
44.02667236328125
50.096553802490234
40.74073028564453
38.59882354736328
41.816261291503906
45.1677131652832
47.029624938964844
59.821990966796875
54.97536849975586
58.84827423095703
59.941322326660156
66.05928802490234
50.241817474365234
49.45579528808594
44.07575988769531
46.36457061767578
59.10380935668945
74.4822006225586
61.53131866455078
77.68868255615234
49.58163070678711
62.621192932128906
84.908935546875
71.8070297241211
55.688777923583984
63.602325439453125
60.693275451660156
72.62771606445312
59.6772575378418
70.80603790283203
76.32476806640625
86.13973236083984
84.50537872314453
64.45296478271484
60.214027404785156
63.0009880065918
74.37025451660156
92.22686767578125
57.67519760131836
83.4969482421875
80.3091812133789
79.28327941894531
77.89696502685547
73.0886459350586
58.91484451293945
65.836669921875
64.90880584716797
57.08209228515625
68.79288482666016
64.72278594970703
53.53193283081055
49.17182540893555
56.233802795410156
44.91000747680664
53.93032455444336
49.534576416015625
52.9288330078125
50.95935821533203
52.278663635253906
53.278900146484375
59.177345275878906
52.91022491455078
42.32623291015625
40.32611846923828
61.9917106628418
47.42068099975586
37.88359451293945
38.90972900390625
59.04867172241211
45.04646682739258
49.900978088378906
47.8613166809082
40.905914306640625
47.92234420776367
72.0559310913086
65.74774932861328
58.08172607421875
67.36035919189453
58.01897048950195
56.3103141784668
44.20589828491211
39.16830825805664
39.71186065673828
38.10978698730469
37.74071502685547
36.267005920410156
35.915218353271484
36.91007995605469
35.86177444458008
36.00775909423828
35.75788497924805
37.17803955078125
39.252681732177734
40.72886276245117
39.065345764160156
37.723243713378906
45.569366455078125
51.484535217285156
56.34054183959961
45.02656936645508
40.070064544677734
37.786598205566406
36.95878982543945
40.831905364990234
39.086029052734375
39.485595703125
39.687950134277344
38.92018508911133
38.96488952636719
39.41292953491211
38.70675277709961
38.3843879699707
37.76535415649414
40.383174896240234
37.15294647216797
37.84373092651367
39.552303314208984
42.37931823730469
61.74335861206055
70.54688262939453
67.67412567138672
71.48587799072266
76.431884765625
52.25423049926758
42.7728271484375
54.45260238647461
47.579219818115234
47.332740783691406
42.36298370361328
50.357704162597656
44.125362396240234
41.0866813659668
41.4935417175293
39.533443450927734
46.880428314208984
48.465511322021484
47.067047119140625
