76.5591049194336
41.51061248779297
42.412353515625
41.52452850341797
38.83341598510742
42.65046310424805
38.28050994873047
38.81055450439453
38.894710540771484
41.19379806518555
39.88124465942383
42.1370964050293
37.74729537963867
37.374691009521484
38.01496124267578
39.23508834838867
37.04694366455078
38.90922164916992
40.79258728027344
38.803627014160156
41.0872917175293
38.11310958862305
39.502342224121094
39.7612190246582
38.95707321166992
39.661258697509766
43.06447982788086
42.760807037353516
39.57880783081055
41.67301940917969
40.05167770385742
39.85017776489258
42.6832275390625
39.500919342041016
40.609886169433594
41.23684310913086
41.0313606262207
38.21244430541992
39.4339714050293
39.73390579223633
38.598121643066406
48.91463088989258
38.489051818847656
43.01091003417969
43.159217834472656
40.90540313720703
40.06930160522461
42.454261779785156
46.7271614074707
41.76431655883789
40.7174186706543
39.8680419921875
39.39824295043945
43.76457977294922
46.60720443725586
46.99076461791992
43.316871643066406
49.97501754760742
45.50017166137695
55.51457595825195
77.61840057373047
92.27547454833984
284.7157897949219
134.4091796875
176.78533935546875
291.0666198730469
644.68212890625
839.3640747070312
564.45458984375
390.44146728515625
367.94580078125
683.4646606445312
741.5885009765625
896.9324340820312
1182.9537353515625
2200.333740234375
1065.3778076171875
1637.336669921875
2035.673095703125
687.6188354492188
404.5165710449219
583.5994262695312
312.5653991699219
2221.584228515625
1235.632568359375
1353.8160400390625
964.3121948242188
315.09307861328125
504.7365417480469
431.28887939453125
206.1594696044922
665.0355834960938
498.8060607910156
452.30694580078125
1207.6036376953125
993.2657470703125
255.04978942871094
214.56997680664062
361.99755859375
712.4435424804688
1512.8577880859375
590.5216674804688
646.5703125
1393.4613037109375
934.2529296875
710.0386352539062
560.53125
1614.158203125
2438.207763671875
1828.5224609375
1255.5828857421875
1357.5618896484375
1239.003173828125
1642.8697509765625
1063.156005859375
1136.317626953125
1415.6585693359375
1393.8580322265625
870.6691284179688
1774.8133544921875
1580.5592041015625
1152.265869140625
1673.4349365234375
1981.083251953125
2638.348388671875
2241.29541015625
1955.8101806640625
1784.976806640625
3197.853515625
1120.1112060546875
1096.0745849609375
844.7041015625
2589.87841796875
2328.667236328125
2340.688232421875
2008.7838134765625
1174.6060791015625
1470.8006591796875
2362.888427734375
2469.109375
1491.8939208984375
3024.34375
1883.032470703125
1560.9437255859375
2167.581298828125
1518.0816650390625
1835.971923828125
701.6725463867188
1753.6097412109375
1764.8763427734375
1871.1527099609375
2236.373046875
1065.45068359375
1636.7657470703125
1216.0189208984375
2615.382568359375
1056.8255615234375
2079.28125
1300.2916259765625
1217.459716796875
1077.2921142578125
1231.0655517578125
1116.726806640625
2234.248046875
1806.137939453125
1653.5765380859375
2696.339599609375
1868.303955078125
1215.750244140625
724.1259155273438
1730.4453125
1950.4442138671875
1610.9290771484375
1395.8563232421875
1725.91015625
2056.2578125
1310.837158203125
1248.5078125
1283.150146484375
1192.5140380859375
2373.72314453125
1207.513671875
1392.945556640625
1195.4420166015625
570.6301879882812
914.5860595703125
972.189453125
577.7457885742188
1270.6754150390625
1559.9970703125
1330.6431884765625
658.6494750976562
743.0288696289062
772.7172241210938
555.410400390625
1049.7099609375
534.58984375
1220.5074462890625
2438.92041015625
1146.9586181640625
973.5379028320312
824.7420043945312
851.7694702148438
770.8034057617188
1558.0819091796875
1010.9304809570312
1690.7418212890625
781.9774780273438
1519.829345703125
1118.716796875
877.6785278320312
941.38818359375
864.3922729492188
627.1929931640625
1161.9769287109375
1129.685546875
1024.1318359375
1382.3104248046875
620.9618530273438
1056.3575439453125
831.7276611328125
2120.19580078125
2700.849609375
978.9506225585938
665.7703857421875
783.9672241210938
1132.03955078125
443.5384826660156
756.7736206054688
