129.09593200683594
38.33985137939453
36.75327682495117
38.57819747924805
36.762516021728516
36.562625885009766
36.74656295776367
36.04513168334961
36.5826416015625
35.47895431518555
36.52647018432617
36.58114242553711
37.03512191772461
37.00807189941406
39.07752990722656
38.9322395324707
38.11345291137695
36.090450286865234
39.446041107177734
41.60716247558594
41.59558868408203
42.686336517333984
40.54384994506836
39.08510208129883
39.6943473815918
42.42354202270508
50.86819076538086
45.61794662475586
42.71599197387695
39.01041030883789
38.62028121948242
40.3410530090332
39.86719512939453
38.43679428100586
39.14793395996094
38.719478607177734
39.88605880737305
48.98366928100586
48.807186126708984
44.86915969848633
59.39372634887695
63.80353927612305
54.28597640991211
48.60844421386719
50.5147819519043
58.99619674682617
59.0898323059082
52.221290588378906
74.55205535888672
67.99073028564453
61.0638542175293
67.37723541259766
71.02132415771484
54.110103607177734
63.1579475402832
51.66280746459961
52.9733772277832
54.5730094909668
50.24359893798828
44.36119079589844
50.62379837036133
43.97922897338867
50.76321029663086
53.0649528503418
48.70058059692383
45.297584533691406
47.10964584350586
41.4036979675293
40.96712875366211
44.57358169555664
43.49221420288086
42.214962005615234
44.438575744628906
46.36220932006836
43.08797836303711
67.13154602050781
67.4283447265625
56.638763427734375
55.2750129699707
54.05099105834961
50.66339111328125
50.14879608154297
51.20820236206055
50.89979553222656
57.63469314575195
49.840576171875
54.930843353271484
53.14923095703125
42.59458541870117
47.66331100463867
49.14046859741211
86.2649154663086
61.03759765625
70.13394927978516
57.406776428222656
54.65423583984375
55.83155059814453
53.5480842590332
60.33259963989258
59.131011962890625
49.65607452392578
64.10906219482422
61.72248458862305
47.92039108276367
50.84442138671875
46.5678825378418
44.007442474365234
51.05786895751953
60.78084945678711
58.3560791015625
49.57863998413086
51.82696533203125
37.625003814697266
46.52825164794922
54.381622314453125
52.3908576965332
56.79624557495117
47.06962585449219
48.95890426635742
66.32161712646484
73.6458511352539
65.4869384765625
61.8707389831543
69.9194564819336
50.7113151550293
39.996463775634766
39.09920883178711
40.989261627197266
50.327754974365234
47.282100677490234
43.266380310058594
35.8835563659668
38.122554779052734
36.120155334472656
33.70746612548828
34.68876647949219
34.999534606933594
35.586769104003906
34.0171012878418
34.993370056152344
36.032073974609375
35.929378509521484
35.97894287109375
36.5071907043457
36.7521858215332
36.187374114990234
36.7695198059082
37.871028900146484
35.81958770751953
38.714378356933594
47.04380416870117
51.9962272644043
54.04526901245117
49.339454650878906
68.44007873535156
72.1505355834961
53.385780334472656
39.07465362548828
41.04279327392578
33.95310592651367
36.36307907104492
36.422733306884766
35.062103271484375
34.40863800048828
38.549617767333984
41.34943771362305
41.84952926635742
43.155250549316406
44.47135543823242
54.58008575439453
55.12124252319336
80.16219329833984
80.09899139404297
54.43020248413086
54.4161262512207
71.3226318359375
64.6025161743164
57.653472900390625
58.02693557739258
67.52659606933594
68.62968444824219
78.62329864501953
73.40452575683594
60.2603645324707
65.8893051147461
58.995784759521484
56.01955032348633
67.13996887207031
71.59465026855469
70.93572998046875
61.488197326660156
44.65185546875
39.76245880126953
43.30426025390625
44.150394439697266
43.621337890625
41.0821647644043
92.0069808959961
87.74517059326172
63.442806243896484
46.833885192871094
53.75967025756836
59.3734016418457
60.014644622802734
60.92531967163086
55.78460693359375
63.1394157409668
48.747127532958984
59.71063995361328
64.09513092041016
52.862220764160156
47.063636779785156
53.4377326965332
49.27577209472656
60.62356185913086
54.88570785522461
63.7839241027832
65.29011535644531
58.8163948059082
60.75228500366211
66.2444839477539
72.56639862060547
63.031280517578125
63.39216232299805
75.4905776977539
73.32950592041016
57.010498046875
54.130958557128906
48.109596252441406
45.67533493041992
50.37554168701172
53.0172004699707
45.34072494506836
58.79741287231445
62.91059112548828
69.21221923828125
68.87975311279297
58.94255447387695
63.80900955200195
59.778602600097656
60.30007553100586
56.05702590942383
47.09053421020508
48.33241653442383
48.4463996887207
45.65953063964844
45.79035568237305
46.9537467956543
56.30080795288086
55.977630615234375
59.69462966918945
51.68575668334961
49.77718734741211
43.94501495361328
59.353431701660156
55.03133773803711
61.224647521972656
66.25601959228516
58.732643127441406
56.93212890625
57.4926872253418
54.88248825073242
51.13682556152344
44.580352783203125
46.10847091674805
45.358394622802734
50.67890548706055
61.8759765625
56.6857795715332
55.370452880859375
55.41156768798828
57.033111572265625
70.03773498535156
63.94538116455078
72.7954330444336
66.19624328613281
64.12399291992188
54.994049072265625
51.03850555419922
47.87675857543945
58.084163665771484
59.89912796020508
66.3240737915039
92.55132293701172
81.40263366699219
78.7130355834961
82.84122467041016
99.64839172363281
75.53202056884766
99.7237777709961
71.95783996582031
55.84716796875
81.09960174560547
74.80067443847656
97.08199310302734
114.0678939819336
83.93128204345703
90.89759826660156
81.49530792236328
63.52676010131836
82.65190887451172
71.06481170654297
87.3482437133789
66.85063934326172
53.69927978515625
56.566078186035156
51.50897216796875
82.05458068847656
78.18000793457031
84.13097381591797
75.60420227050781
65.54065704345703
78.21742248535156
67.29145812988281
68.22136688232422
91.32018280029297
78.12281036376953
100.62904357910156
86.63502502441406
78.20193481445312
65.2582015991211
84.47415924072266
84.4755859375
83.45802307128906
61.126129150390625
51.78596115112305
48.43531036376953
62.83893966674805
63.55083084106445
78.21636199951172
69.69976806640625
82.2077407836914
76.0705337524414
72.98787689208984
93.80337524414062
110.07707977294922
99.17626190185547
86.49112701416016
64.22969818115234
70.18000793457031
68.03387451171875
72.103759765625
83.9033203125
80.5370101928711
88.2047348022461
79.22664642333984
83.2931137084961
81.6412582397461
98.78898620605469
84.01265716552734
79.38115692138672
75.84261322021484
84.52565002441406
137.74639892578125
103.71075439453125
89.72264862060547
80.04602813720703
85.09679412841797
71.08151245117188
69.62078857421875
69.01033782958984
76.13716888427734
80.1368637084961
83.41219329833984
73.24535369873047
99.88297271728516
129.7989044189453
108.8489761352539
89.90343475341797
111.60430908203125
95.7413330078125
109.86067199707031
81.05985260009766
97.96748352050781
75.5191421508789
84.07463836669922
85.8899154663086
78.03720092773438
79.75045776367188
68.55132293701172
66.76007080078125
92.67665100097656
77.8443374633789
88.92945861816406
76.9598388671875
74.65767669677734
102.56343078613281
97.34296417236328
90.01887512207031
87.65621948242188
76.19210052490234
90.57557678222656
84.10726165771484
93.38890075683594
91.20800018310547
81.7415771484375
78.12057495117188
75.95784759521484
74.41597747802734
77.02729797363281
72.72660064697266
83.5559310913086
78.21347045898438
87.6863021850586
91.99851989746094
112.74311828613281
90.83602905273438
90.32217407226562
67.10810089111328
75.95109558105469
79.21197509765625
76.65553283691406
70.29629516601562
94.80553436279297
97.88624572753906
67.96095275878906
82.42750549316406
68.8308334350586
66.23149108886719
69.49565887451172
67.28141784667969
81.17852783203125
65.57493591308594
76.41826629638672
117.3879623413086
127.0361099243164
76.1465072631836
99.31912994384766
84.77971649169922
83.74156188964844
96.1309585571289
71.42919158935547
76.38937377929688
102.31803894042969
78.4145278930664
76.99207305908203
68.00788879394531
77.82710266113281
109.80077362060547
71.91179656982422
68.33855438232422
94.2517318725586
102.74321746826172
67.47216033935547
96.0560073852539
85.21251678466797
118.69060516357422
100.89222717285156
122.40605926513672
95.37029266357422
84.44576263427734
66.82633972167969
78.02591705322266
86.3289566040039
96.64741516113281
78.56805419921875
93.59622192382812
85.9079818725586
89.42481231689453
75.91613006591797
69.11976623535156
75.49761199951172
94.29802703857422
76.47909545898438
108.7712173461914
73.29021453857422
67.15218353271484
78.07135009765625
92.82939910888672
91.21257781982422
114.74785614013672
124.4325942993164
89.16936492919922
116.06432342529297
88.25416564941406
100.99039459228516
84.75245666503906
77.48663330078125
