113.39431762695312
46.52840805053711
60.68757247924805
61.958858489990234
69.29307556152344
63.90919876098633
69.43431854248047
72.94029998779297
79.69615936279297
53.291927337646484
60.72539138793945
46.64439392089844
43.77881622314453
58.39370346069336
47.28805160522461
42.93965530395508
40.919315338134766
42.076141357421875
46.7231559753418
39.36164093017578
42.57194137573242
41.1142692565918
44.732421875
44.577632904052734
49.13924026489258
57.973609924316406
39.824729919433594
43.21311569213867
50.43400955200195
44.67409896850586
43.75855255126953
42.64591598510742
44.59628677368164
46.64924240112305
54.17311477661133
57.81463623046875
63.12643051147461
69.51454162597656
54.6864013671875
56.42596435546875
49.05794906616211
46.248268127441406
39.11857223510742
38.12138748168945
37.41933822631836
38.75836944580078
40.63856887817383
40.640228271484375
39.85343551635742
34.72461700439453
36.6026725769043
37.54374313354492
49.61199951171875
41.481597900390625
39.65175247192383
45.57151412963867
41.34940719604492
43.654354095458984
44.35906982421875
44.4005241394043
44.10090637207031
50.09062194824219
36.85871505737305
37.15117263793945
35.79126739501953
39.03178024291992
37.135921478271484
38.9460563659668
38.407291412353516
40.54056167602539
49.98215866088867
41.748191833496094
39.27724838256836
39.96504592895508
46.85032272338867
34.20664596557617
38.006141662597656
46.1773681640625
40.45854568481445
44.356178283691406
42.30522918701172
39.38167953491211
37.97837448120117
36.64886474609375
36.35781478881836
37.297279357910156
38.92728042602539
41.1401481628418
44.5222282409668
57.3701057434082
40.14419174194336
37.584381103515625
37.15300369262695
36.452083587646484
49.04317855834961
67.5378189086914
94.14784240722656
103.9881362915039
68.13675689697266
63.3701286315918
57.891822814941406
41.00031661987305
121.96477508544922
201.46434020996094
111.771728515625
93.4446029663086
102.16957092285156
131.1720733642578
125.7107162475586
94.57083892822266
108.2693862915039
97.04547119140625
115.26024627685547
143.8605194091797
127.23357391357422
126.59284973144531
129.49583435058594
123.25621795654297
130.78591918945312
122.65913391113281
134.11038208007812
118.6202392578125
125.69935607910156
120.81256103515625
124.59342193603516
129.6623992919922
116.4984359741211
120.58226776123047
112.9068603515625
106.00835418701172
113.2098159790039
113.0003433227539
108.49971771240234
121.90364074707031
112.699951171875
122.7245101928711
93.23892974853516
106.58345031738281
110.37004852294922
103.15526580810547
106.98939514160156
102.36347961425781
100.61504364013672
105.19820404052734
89.37168884277344
90.24510955810547
97.37560272216797
93.97957611083984
105.95821380615234
79.57854461669922
87.92298889160156
91.76806640625
94.66848754882812
87.9737777709961
98.74110412597656
86.31025695800781
91.8747787475586
80.35562896728516
88.4245834350586
83.84172821044922
90.54895782470703
93.71632385253906
91.1435775756836
81.87662506103516
95.6226806640625
92.00977325439453
109.8118896484375
96.40432739257812
96.84313201904297
98.1023178100586
102.12761688232422
85.40758514404297
112.5909194946289
111.9555435180664
91.74315643310547
93.73810577392578
90.97168731689453
100.7038345336914
94.23892211914062
89.28468322753906
92.67247772216797
90.5960464477539
96.66238403320312
108.9302749633789
109.70881652832031
121.644287109375
114.99385070800781
133.66905212402344
129.58242797851562
119.02729797363281
137.7544708251953
146.2230682373047
133.56402587890625
152.69493103027344
129.6216278076172
151.32179260253906
112.73750305175781
107.8707275390625
119.8127212524414
137.13963317871094
151.3628387451172
141.3715057373047
115.87859344482422
128.25621032714844
159.69302368164062
158.12437438964844
123.57417297363281
139.9606170654297
138.55911254882812
146.6980438232422
114.1288070678711
111.82762908935547
141.9576873779297
131.45245361328125
130.6268768310547
157.2032928466797
149.15306091308594
115.65831756591797
109.3414306640625
119.46412658691406
141.12216186523438
125.25321197509766
145.65707397460938
134.54263305664062
130.7292938232422
105.91997528076172
112.27339172363281
136.48410034179688
100.35076904296875
141.1174774169922
141.22596740722656
95.92908477783203
98.4112319946289
87.24984741210938
97.82211303710938
101.520751953125
115.66578674316406
122.074462890625
115.72708892822266
93.33800506591797
83.61296844482422
97.50699615478516
105.42518615722656
79.46857452392578
100.63005828857422
107.48033905029297
100.20415496826172
108.70647430419922
103.7305908203125
106.43587493896484
112.30677795410156
122.53862762451172
124.6533203125
126.46981048583984
135.19224548339844
109.0630874633789
125.0364990234375
101.02437591552734
140.8896026611328
129.406494140625
118.30633544921875
137.9265899658203
178.17478942871094
137.18540954589844
147.8645782470703
115.51611328125
112.58961486816406
94.11748504638672
121.0530776977539
109.89388275146484
105.5526351928711
94.0460433959961
105.8981704711914
119.6894302368164
138.61148071289062
151.53155517578125
169.52342224121094
161.37789916992188
152.2794952392578
129.65171813964844
137.49331665039062
133.9152374267578
133.1329803466797
119.27294158935547
151.90689086914062
136.42103576660156
117.52523040771484
156.5572052001953
134.6078643798828
91.05648803710938
102.76556396484375
123.2944564819336
100.6028823852539
89.15563201904297
124.27144622802734
118.6966781616211
98.23548889160156
129.1201934814453
129.6714630126953
111.56494140625
137.0473175048828
183.71839904785156
152.7227325439453
96.74068450927734
120.5330810546875
129.1379852294922
115.13463592529297
138.6583251953125
145.5569305419922
121.1677017211914
167.38255310058594
171.92018127441406
161.63711547851562
103.5812759399414
158.08079528808594
154.86328125
175.35491943359375
146.1957244873047
133.2696533203125
141.52378845214844
150.5203857421875
164.96322631835938
142.00540161132812
135.19998168945312
110.85375213623047
88.87338256835938
118.71363830566406
114.4679183959961
77.0259017944336
87.09664154052734
77.32787322998047
82.1558837890625
115.91532135009766
102.85564422607422
96.60729217529297
160.84146118164062
203.60501098632812
136.95225524902344
172.76731872558594
122.4721450805664
99.11930847167969
106.82313537597656
119.9281005859375
147.397705078125
133.40953063964844
136.6593780517578
104.30736541748047
110.4596176147461
123.50190734863281
112.4572982788086
97.2610092163086
101.950927734375
94.05036926269531
87.18292999267578
129.2080078125
128.0144500732422
112.2213363647461
121.075927734375
132.33804321289062
144.65000915527344
124.4854507446289
128.676513671875
122.6968765258789
107.70967102050781
114.36797332763672
129.28587341308594
109.56208801269531
103.27284240722656
121.10115051269531
102.76344299316406
118.902587890625
121.5469741821289
85.82032775878906
112.72017669677734
101.59918975830078
112.79278564453125
117.18316650390625
150.9816131591797
103.9470443725586
105.1615219116211
124.4118881225586
143.88540649414062
114.84664154052734
120.4267807006836
117.92626953125
128.37847900390625
140.58213806152344
140.950439453125
133.74981689453125
153.57003784179688
134.06668090820312
125.00688934326172
153.4862518310547
160.9988555908203
134.5400390625
105.12361145019531
115.70513153076172
116.99852752685547
118.4972915649414
139.99600219726562
120.26567840576172
101.90773010253906
101.1445541381836
121.1978988647461
104.30217742919922
100.45204162597656
94.16680145263672
92.1786117553711
101.9092025756836
115.12699127197266
160.92552185058594
118.63191223144531
107.70259094238281
134.73133850097656
121.92955780029297
118.6569595336914
136.09097290039062
103.2357406616211
146.2442626953125
164.4630584716797
123.0587387084961
143.1687469482422
96.12590789794922
125.54145812988281
152.8638153076172
137.0032196044922
119.0810775756836
158.373046875
153.27467346191406
138.21092224121094
142.28744506835938
141.21951293945312
147.4932861328125
139.66542053222656
143.30101013183594
128.9947967529297
122.7811508178711
134.2849578857422
121.13402557373047
118.0642318725586
178.88450622558594
161.9006805419922
134.31336975097656
154.1223602294922
135.9873046875
129.5270538330078
117.93755340576172
126.84383392333984
119.55757904052734
125.5279541015625
126.83675384521484
119.27734375
131.7769317626953
122.57124328613281
110.41234588623047
130.00640869140625
129.4356231689453
123.13066864013672
136.26841735839844
147.67251586914062
120.49503326416016
140.3590850830078
126.0254898071289
140.37869262695312
132.01559448242188
129.7444610595703
154.26438903808594
116.65801239013672
136.1014862060547
125.90876770019531
152.98606872558594
126.0248031616211
115.18733215332031
130.974365234375
124.5186538696289
150.6978759765625
143.2657928466797
148.63401794433594
125.3070297241211
141.34117126464844
100.0795669555664
129.5101776123047
175.37640380859375
165.49107360839844
140.5073699951172
179.50054931640625
124.6522445678711
126.57923889160156
154.44651794433594
114.45865631103516
109.3877182006836
132.82583618164062
108.17828369140625
93.64820861816406
115.65743255615234
94.69286346435547
111.750244140625
98.32210540771484
115.67097473144531
113.71221923828125
118.06343078613281
93.05028533935547
137.29539489746094
136.68931579589844
116.73076629638672
126.95350646972656
113.91065979003906
124.68952941894531
114.5525894165039
97.41792297363281
112.43438720703125
115.28963470458984
97.41525268554688
97.79285430908203
101.6974105834961
97.70853424072266
96.46050262451172
110.60723114013672
110.38652801513672
134.4495086669922
112.67198944091797
120.1341781616211
155.9557647705078
120.712890625
113.70561981201172
142.67800903320312
126.319580078125
111.91472625732422
113.64473724365234
87.41505432128906
107.0394058227539
136.05979919433594
98.50701904296875
109.19609832763672
111.14652252197266
107.5475082397461
159.59947204589844
168.12559509277344
110.02779388427734
115.6784439086914
130.4449920654297
118.66790008544922
98.73550415039062
79.16680145263672
105.6796646118164
136.2557830810547
123.3366470336914
113.35823059082031
100.75215148925781
91.48258209228516
93.39129638671875
138.38926696777344
110.21065521240234
113.8521728515625
140.4345245361328
108.54045867919922
99.24405670166016
92.73991394042969
73.9611587524414
79.0155258178711
104.3843765258789
103.77113342285156
152.85012817382812
