67.24627685546875
41.71540069580078
42.93387222290039
46.03498840332031
45.890281677246094
44.70071792602539
46.1374626159668
40.868812561035156
40.658260345458984
39.96249771118164
39.13846206665039
41.48402404785156
40.49085235595703
40.603065490722656
40.385154724121094
47.17214584350586
51.211631774902344
43.86305236816406
42.0006217956543
44.54960250854492
42.0537109375
41.737037658691406
40.63524627685547
43.35318374633789
41.81306076049805
54.43177032470703
54.673004150390625
41.36392593383789
40.12926483154297
41.712806701660156
41.519710540771484
40.651222229003906
39.52640151977539
39.232582092285156
38.783233642578125
40.464820861816406
42.65699768066406
40.13328552246094
41.30894088745117
41.775115966796875
40.90922927856445
40.382904052734375
44.606903076171875
42.025917053222656
39.129783630371094
39.39936828613281
39.871063232421875
41.944175720214844
41.323307037353516
43.511478424072266
42.700706481933594
42.78424835205078
39.178672790527344
42.32188415527344
41.64555740356445
44.365055084228516
42.0966682434082
41.51561737060547
40.27646255493164
40.4633903503418
38.126922607421875
39.82706832885742
40.56407928466797
42.957664489746094
40.63290023803711
46.90186309814453
43.168575286865234
56.89824295043945
58.251670837402344
52.26174545288086
46.34691619873047
45.16392517089844
43.22994613647461
47.21180725097656
46.06559753417969
52.23878479003906
44.42805480957031
42.94964599609375
43.04502868652344
45.409461975097656
45.025699615478516
47.79585647583008
44.93429946899414
40.56403732299805
38.48013687133789
44.96824645996094
43.55988693237305
44.178287506103516
44.485618591308594
46.96437454223633
45.87796401977539
42.89231491088867
41.52522277832031
40.87251663208008
40.43523025512695
45.282081604003906
42.00785446166992
47.148277282714844
41.81682205200195
40.8198356628418
39.958038330078125
40.716094970703125
39.798099517822266
41.014896392822266
40.435428619384766
67.24626922607422
47.87981414794922
53.00672149658203
47.23362350463867
48.190799713134766
45.12075424194336
45.602691650390625
41.70621871948242
53.12053298950195
51.9912223815918
53.941104888916016
50.857643127441406
77.63227081298828
74.10620880126953
118.98332977294922
118.39281463623047
186.6130828857422
188.54200744628906
199.01052856445312
200.232421875
241.8500213623047
236.68728637695312
184.90879821777344
182.875
239.37054443359375
238.25167846679688
196.25076293945312
197.0397491455078
494.019775390625
493.1640930175781
338.6751403808594
342.79718017578125
168.40203857421875
172.01072692871094
336.1191101074219
294.4013977050781
382.3268737792969
347.5748596191406
398.477294921875
402.53912353515625
707.621826171875
709.5924682617188
422.98333740234375
420.14862060546875
396.16357421875
385.83416748046875
450.94158935546875
420.0238342285156
349.7763977050781
314.2025146484375
395.5685729980469
362.007568359375
275.128173828125
275.69189453125
206.19903564453125
206.8672637939453
157.5615234375
153.03829956054688
161.0337677001953
163.02378845214844
275.287841796875
273.9231872558594
483.3786315917969
491.23187255859375
619.0197143554688
622.1657104492188
275.21307373046875
271.6372985839844
244.13050842285156
234.9248809814453
289.7449951171875
290.0722961425781
260.30108642578125
262.2156066894531
202.36514282226562
166.11801147460938
480.41729736328125
478.02618408203125
509.3486328125
508.0580749511719
291.1063232421875
290.6517333984375
500.27288818359375
497.0031433105469
170.01760864257812
167.11643981933594
356.0679931640625
358.51312255859375
280.5906982421875
281.82049560546875
242.05075073242188
243.69532775878906
400.64599609375
401.5649719238281
445.3341064453125
445.62884521484375
478.36602783203125
478.93267822265625
621.3574829101562
621.1630859375
364.90838623046875
366.2829895019531
345.9202880859375
346.841552734375
267.3868408203125
271.4818115234375
274.7737121582031
271.80145263671875
434.2004089355469
433.8175048828125
712.4124755859375
713.2235107421875
422.44140625
416.5713195800781
400.9727478027344
405.4515686035156
421.4023742675781
427.12603759765625
270.3791198730469
326.77911376953125
457.2466735839844
429.4123840332031
289.1064758300781
291.7046813964844
457.9314270019531
455.4669189453125
480.8336486816406
466.2342834472656
433.81494140625
433.7937927246094
264.3571472167969
266.2127380371094
216.9514923095703
221.5613250732422
227.49642944335938
190.32533264160156
673.0675048828125
675.1820678710938
590.7485961914062
676.271484375
724.9625854492188
730.9840087890625
495.7254638671875
503.5595397949219
253.51556396484375
252.11761474609375
381.2809753417969
391.26971435546875
312.1614074707031
252.59783935546875
269.6448059082031
242.40248107910156
219.3326416015625
208.8560333251953
534.604736328125
535.0551147460938
269.5292053222656
256.062744140625
341.4106140136719
345.1197509765625
368.520751953125
333.4595642089844
176.2095947265625
167.569091796875
245.43411254882812
240.42893981933594
622.446044921875
621.4863891601562
329.7140808105469
317.255126953125
635.5027465820312
634.667236328125
391.8326110839844
392.4606018066406
252.53915405273438
254.0113983154297
380.2047424316406
369.9912109375
578.69482421875
580.6201171875
544.6898193359375
542.3505249023438
792.8098754882812
788.4855346679688
792.9581298828125
792.5546264648438
553.3065795898438
557.4375
466.4090270996094
470.9400939941406
417.0313720703125
424.34356689453125
496.73193359375
502.0606689453125
617.0786743164062
617.1481323242188
368.68023681640625
373.4181213378906
421.1359558105469
422.42022705078125
379.9294128417969
381.6277160644531
279.2783508300781
282.59320068359375
448.37054443359375
433.93585205078125
272.83795166015625
277.2300109863281
538.9685668945312
539.7130126953125
718.66357421875
719.9354248046875
622.6742553710938
632.4971313476562
292.2376403808594
292.7303771972656
550.56982421875
551.203369140625
471.57440185546875
471.2992858886719
329.17181396484375
329.86480712890625
477.0499267578125
482.0653381347656
458.5211181640625
458.8079528808594
316.5755920410156
308.7986755371094
395.3941955566406
396.0890197753906
221.7032012939453
220.9631805419922
314.43951416015625
308.4869384765625
214.84742736816406
214.97113037109375
312.46435546875
313.5448913574219
553.404296875
551.4461059570312
610.784912109375
610.63623046875
433.4677429199219
434.984375
726.8031616210938
725.4605712890625
376.96173095703125
376.7362976074219
554.0747680664062
553.21337890625
749.5344848632812
751.5347900390625
628.5457153320312
629.9555053710938
443.6151428222656
443.8304748535156
502.3724060058594
502.0541687011719
896.692138671875
896.6232299804688
636.2371215820312
633.6242065429688
225.2749481201172
225.1814422607422
577.0328979492188
577.4320678710938
498.08355712890625
501.3349609375
291.9446105957031
290.72113037109375
311.5369873046875
310.5879211425781
294.1212463378906
297.3606262207031
222.76553344726562
225.71484375
350.73260498046875
354.5877380371094
380.18182373046875
379.7062072753906
388.62371826171875
387.3821105957031
623.8839111328125
625.228515625
515.4837036132812
514.3314819335938
275.77105712890625
273.0028991699219
483.9872131347656
483.38330078125
579.3718872070312
588.9026489257812
792.6304931640625
796.8919677734375
559.9503784179688
568.9721069335938
606.8617553710938
615.4657592773438
634.0626831054688
636.2428588867188
521.182373046875
525.2090454101562
440.2950744628906
438.53021240234375
480.0376892089844
475.50787353515625
463.9453430175781
474.5232238769531
549.6439208984375
555.3861083984375
349.4076232910156
347.1620788574219
533.78076171875
560.2306518554688
473.0993347167969
469.2585754394531
499.25238037109375
507.31890869140625
258.7216491699219
260.4151306152344
283.47442626953125
291.5483703613281
321.9748840332031
325.94000244140625
321.920654296875
350.05194091796875
406.54327392578125
404.81463623046875
303.80078125
314.550048828125
481.4622497558594
439.0383605957031
545.6215209960938
546.7217407226562
580.4307250976562
573.8056030273438
484.2359619140625
483.68255615234375
458.7666320800781
448.9238586425781
519.9549560546875
511.5273132324219
375.7663269042969
374.3985900878906
382.2297058105469
378.45220947265625
377.5523986816406
379.5080871582031
457.0415344238281
465.9169006347656
683.8607177734375
689.3603515625
