111.96722412109375
46.75273513793945
42.83407211303711
41.81316375732422
52.06706619262695
41.445594787597656
47.80352783203125
45.729888916015625
44.641448974609375
46.10063552856445
46.71199417114258
44.73119354248047
41.93110275268555
42.69108963012695
41.667877197265625
51.16175842285156
58.16372299194336
56.37103271484375
46.05494689941406
43.34136199951172
46.62700271606445
48.92639923095703
46.17777633666992
48.582183837890625
56.2708740234375
67.24056243896484
51.502376556396484
67.4495849609375
65.155517578125
60.61780548095703
54.514400482177734
76.30731964111328
52.610931396484375
53.776397705078125
63.67578125
54.35287094116211
50.35953903198242
48.68064498901367
47.115234375
45.41351318359375
43.299217224121094
43.34720993041992
45.074703216552734
43.348697662353516
42.10553741455078
45.35555648803711
48.340110778808594
46.07815170288086
45.29117965698242
43.75710678100586
48.388816833496094
48.60258102416992
52.65814971923828
39.741947174072266
36.59353256225586
37.52252197265625
41.40318298339844
38.8143424987793
37.5561637878418
36.722164154052734
39.189239501953125
38.76719284057617
46.568031311035156
55.662086486816406
72.47499084472656
62.13515090942383
42.981746673583984
45.18458938598633
43.942359924316406
39.223812103271484
37.769126892089844
51.03458023071289
44.912750244140625
47.72154235839844
43.14463424682617
43.54946517944336
52.133705139160156
51.5523567199707
49.25194549560547
52.40570068359375
46.24567413330078
55.47237777709961
48.253822326660156
45.65877914428711
49.81740188598633
45.3001594543457
45.09153366088867
43.61945343017578
43.37409591674805
45.921607971191406
46.655330657958984
60.94094467163086
49.22047805786133
50.77490234375
57.497066497802734
53.34082794189453
46.508018493652344
48.41146469116211
52.76589584350586
62.05683517456055
65.22624206542969
54.6450080871582
51.6297607421875
52.36768341064453
54.24555206298828
50.16447830200195
67.88114166259766
50.312355041503906
68.61045837402344
54.4010009765625
52.815223693847656
61.75103759765625
70.73418426513672
53.57819366455078
52.931068420410156
55.50466537475586
57.68502426147461
57.23667526245117
56.00252914428711
58.66536331176758
54.67893600463867
54.98269271850586
67.52912902832031
77.02752685546875
72.04344177246094
68.1899642944336
72.5710220336914
62.23432159423828
56.70643997192383
52.18020248413086
55.78316116333008
49.67567825317383
66.19854736328125
66.78289031982422
64.0152587890625
57.72666549682617
53.03499984741211
62.29956817626953
62.54925537109375
72.69752502441406
66.95284271240234
65.23844146728516
64.2175064086914
63.42035675048828
60.82795333862305
55.732818603515625
56.13218307495117
61.452125549316406
55.52605056762695
55.11915969848633
51.3345832824707
44.891666412353516
51.287384033203125
46.2618293762207
51.29769515991211
48.966156005859375
62.8495979309082
60.0580940246582
52.2148323059082
63.009620666503906
56.17313766479492
46.78361129760742
45.3512077331543
67.08229064941406
47.72959899902344
49.29042434692383
46.69364929199219
51.35641098022461
52.618221282958984
51.323585510253906
60.57821273803711
54.38679122924805
72.7210464477539
56.45302963256836
66.79290008544922
55.34760665893555
55.48334884643555
62.9684944152832
59.9652099609375
61.62323760986328
66.57402801513672
67.86632537841797
88.1252670288086
59.40321731567383
61.421546936035156
69.75035858154297
69.96244049072266
65.12261199951172
55.70405197143555
48.10307693481445
56.02350997924805
62.845802307128906
57.8216438293457
66.1822280883789
57.477596282958984
61.16730499267578
51.28815841674805
56.25539016723633
53.566566467285156
61.406368255615234
75.8457260131836
65.10579681396484
59.78516387939453
65.84518432617188
74.16724395751953
84.55824279785156
77.29796600341797
87.7308120727539
68.32186126708984
81.92122650146484
60.63424301147461
65.8910903930664
60.045814514160156
70.04219818115234
78.64625549316406
58.63458251953125
67.30315399169922
76.46111297607422
75.41788482666016
68.6623764038086
68.8145751953125
66.30172729492188
74.5286636352539
66.68928527832031
68.5134506225586
56.33696365356445
73.21233367919922
69.52202606201172
81.2741470336914
78.75341796875
75.60060119628906
79.1458740234375
72.92911529541016
69.77706146240234
62.950408935546875
62.161468505859375
67.99248504638672
86.25189208984375
77.56981658935547
69.57291412353516
67.47191619873047
64.83036804199219
66.6073989868164
66.38823699951172
64.18795776367188
85.0365219116211
68.89342498779297
64.06915283203125
80.53104400634766
86.32364654541016
76.43321990966797
77.390625
86.70939636230469
73.54418182373047
76.29094696044922
74.99340057373047
83.75496673583984
80.92765045166016
72.8875503540039
66.50170135498047
59.96954345703125
60.16132736206055
63.937416076660156
63.2405891418457
56.29399490356445
64.480712890625
73.11781311035156
69.61561584472656
71.4745864868164
67.36903381347656
63.6345329284668
68.87120056152344
70.3700180053711
66.42976379394531
61.572444915771484
58.292213439941406
55.6630859375
61.51002883911133
60.029903411865234
58.1474723815918
60.33449935913086
64.7889633178711
64.0297622680664
67.74337005615234
62.68928146362305
53.46696090698242
52.334022521972656
55.6474723815918
55.0283088684082
62.903564453125
64.27393341064453
64.92150115966797
66.42747497558594
65.52910614013672
60.756629943847656
63.310726165771484
65.88165283203125
61.110164642333984
65.76902770996094
62.410865783691406
58.8839225769043
64.76909637451172
60.59028244018555
64.3095474243164
67.71612548828125
72.6280746459961
63.14997482299805
61.92335891723633
64.99028778076172
63.83750534057617
69.40565490722656
66.12633514404297
62.04352951049805
58.9737548828125
63.56734848022461
73.7903060913086
69.25953674316406
68.15020751953125
74.36031341552734
68.94686126708984
66.4837646484375
54.76764678955078
61.98313522338867
91.82434844970703
88.9286880493164
65.02827453613281
55.474945068359375
56.400634765625
57.256080627441406
60.464881896972656
53.28993606567383
56.72373580932617
57.51040267944336
