110.85986328125
42.566280364990234
49.815242767333984
44.27953338623047
53.399166107177734
41.9499397277832
59.04833984375
47.73330307006836
52.3146858215332
49.478553771972656
46.698158264160156
42.79143142700195
45.50132369995117
53.24542236328125
53.201324462890625
57.26792526245117
47.43345260620117
49.233360290527344
43.99652862548828
36.2437858581543
40.96065139770508
35.0066032409668
38.93782043457031
39.58125686645508
38.745948791503906
46.092857360839844
36.29353713989258
36.09144592285156
37.904991149902344
45.67445755004883
41.674720764160156
38.28968048095703
36.63710403442383
37.31686019897461
38.2413215637207
52.12715530395508
40.23069381713867
55.94033432006836
43.01650619506836
39.68280029296875
35.446895599365234
45.72864532470703
34.2226448059082
39.05183029174805
37.15434646606445
38.38373947143555
43.17308807373047
46.058773040771484
49.82957077026367
50.896968841552734
48.80381393432617
51.11616516113281
46.54143142700195
44.70552444458008
49.327823638916016
52.535316467285156
55.819610595703125
46.543819427490234
45.177669525146484
48.094886779785156
53.0769157409668
55.054718017578125
50.37054443359375
54.398841857910156
48.15243148803711
38.66129684448242
40.53915786743164
33.919288635253906
40.85401916503906
39.861244201660156
39.5916633605957
44.52336883544922
34.49940872192383
33.57060623168945
35.2803840637207
37.62031173706055
40.34640121459961
38.917808532714844
39.1678352355957
36.02427673339844
35.277549743652344
40.62409973144531
45.79216003417969
52.4641227722168
42.341766357421875
40.919921875
38.380653381347656
49.11232376098633
38.54751205444336
35.688385009765625
42.3015251159668
39.96405029296875
43.150081634521484
39.036773681640625
38.611480712890625
54.02433395385742
55.82180404663086
43.719024658203125
41.97043228149414
47.38140869140625
41.039730072021484
41.87314987182617
43.865997314453125
43.19313430786133
35.0628662109375
41.2112922668457
38.53015899658203
42.34318542480469
38.997833251953125
35.038734436035156
39.915245056152344
39.57158279418945
40.18143081665039
44.755592346191406
42.047611236572266
35.98147201538086
41.57734298706055
38.69247055053711
42.602020263671875
38.21175765991211
37.08372497558594
36.05233383178711
36.67435836791992
34.03986358642578
45.022804260253906
44.783058166503906
37.604671478271484
57.05585479736328
45.56007385253906
43.4881706237793
44.47797393798828
38.20631790161133
46.63045883178711
57.3997688293457
44.35501480102539
54.86616134643555
65.40435028076172
70.01730346679688
75.3173599243164
60.15288162231445
39.78035354614258
37.98481369018555
42.92436218261719
69.742431640625
43.37644577026367
45.93622970581055
41.12236404418945
41.0713005065918
35.727840423583984
44.938995361328125
38.863868713378906
41.097740173339844
54.2549934387207
45.973731994628906
50.6365852355957
47.45355987548828
42.34868621826172
48.84973907470703
47.28662872314453
45.41291046142578
45.23861312866211
50.36570739746094
42.55058288574219
41.203857421875
42.53117752075195
51.84835433959961
42.0908088684082
34.6149787902832
35.18459701538086
60.4134635925293
67.3191909790039
49.41350555419922
38.646663665771484
47.111202239990234
35.63335037231445
67.21844482421875
49.82905960083008
37.71863555908203
38.642005920410156
41.2306022644043
42.3574333190918
36.498443603515625
53.61474609375
59.03449249267578
40.61518478393555
52.238094329833984
45.53427505493164
41.45323944091797
63.983428955078125
52.192317962646484
77.9832992553711
41.039039611816406
44.23599624633789
36.62100601196289
53.092079162597656
63.86688232421875
77.36443328857422
48.08091354370117
51.3404655456543
41.67623519897461
39.034385681152344
33.418853759765625
37.6743278503418
48.75090026855469
40.336830139160156
39.083839416503906
40.39801025390625
44.15379333496094
41.33442306518555
72.29180145263672
46.994285583496094
44.574886322021484
56.17182159423828
47.12775421142578
59.76820755004883
49.948699951171875
49.01116180419922
39.32365798950195
73.07091522216797
55.35149002075195
43.234779357910156
42.22248077392578
54.13861846923828
44.191864013671875
35.75230026245117
34.60029220581055
38.95021438598633
41.152565002441406
33.670528411865234
42.523101806640625
39.38840866088867
47.59775161743164
52.86468505859375
45.043853759765625
46.430870056152344
52.0676155090332
57.42007064819336
59.66816329956055
46.80805206298828
58.480506896972656
74.1235122680664
64.35693359375
68.40774536132812
46.70001983642578
61.41970443725586
49.8907585144043
55.28826904296875
60.96358108520508
64.93404388427734
39.7133674621582
60.656307220458984
56.06036376953125
53.00244140625
55.00342559814453
55.619178771972656
40.14582443237305
45.590980529785156
52.06828689575195
59.79301834106445
54.0400390625
41.13884353637695
44.68191909790039
58.41810989379883
113.4383544921875
58.528846740722656
68.88152313232422
60.97846221923828
45.74656295776367
57.49357223510742
51.4821662902832
55.37921905517578
52.65932846069336
44.09365463256836
53.89414596557617
48.25161361694336
46.343116760253906
46.78996658325195
43.08229446411133
44.62446212768555
34.85647964477539
41.47843551635742
37.8765869140625
36.7242431640625
40.75698471069336
53.3983039855957
34.743282318115234
48.66450500488281
51.61770248413086
41.09360122680664
39.814083099365234
34.750831604003906
59.60408401489258
44.96661376953125
57.88811111450195
45.808650970458984
42.615692138671875
41.82455062866211
44.017147064208984
34.39070510864258
46.38202667236328
42.502296447753906
59.188087463378906
59.7432861328125
65.47682189941406
58.97904586791992
43.552711486816406
49.47603225708008
64.40709686279297
61.67138671875
56.29555130004883
68.23381805419922
52.28341293334961
65.69796752929688
74.09291076660156
57.403602600097656
49.15909957885742
58.847084045410156
40.621761322021484
49.40564727783203
72.18231201171875
53.00665283203125
41.20720672607422
55.914466857910156
44.85939407348633
47.826900482177734
58.33514404296875
52.70566940307617
37.7816162109375
38.595489501953125
43.970760345458984
44.901832580566406
39.06995391845703
39.70257568359375
37.61669921875
45.52399826049805
38.80815505981445
37.34747314453125
36.1955680847168
48.626708984375
53.279212951660156
46.35356903076172
32.753089904785156
50.02089309692383
52.34273147583008
35.38820266723633
33.25885009765625
34.51274108886719
39.36933135986328
35.260902404785156
37.43349838256836
37.357452392578125
35.699642181396484
50.26516342163086
45.0673942565918
51.6889533996582
40.46236801147461
60.698463439941406
53.3769645690918
59.375518798828125
41.91632843017578
37.239112854003906
56.88752365112305
48.13705062866211
33.31806564331055
38.22335433959961
39.04210662841797
37.10573959350586
38.62052536010742
46.8541259765625
43.38027572631836
50.18953323364258
41.16731262207031
37.22919845581055
40.370601654052734
43.052406311035156
38.595497131347656
37.774658203125
40.993629455566406
38.88560485839844
42.54958724975586
40.585693359375
38.82252883911133
40.465694427490234
37.47346878051758
49.64901351928711
52.81884765625
51.092262268066406
47.37683868408203
48.5145378112793
36.227638244628906
43.3270149230957
43.8991584777832
35.692142486572266
39.1456413269043
41.77952194213867
36.91975021362305
61.3632926940918
43.50895309448242
50.23810958862305
51.701759338378906
51.65277099609375
51.72309494018555
51.14744567871094
52.56689453125
55.82453155517578
41.074581146240234
73.69422149658203
42.22271728515625
52.57780838012695
41.77769088745117
54.20450973510742
48.074581146240234
54.55984115600586
54.85824203491211
72.36611938476562
108.3693618774414
132.81378173828125
69.3467788696289
162.3751220703125
144.1245880126953
108.02790832519531
155.88108825683594
72.2204360961914
97.24681091308594
90.46887969970703
99.43879699707031
60.81145095825195
93.0439453125
49.494110107421875
55.86236572265625
71.3913803100586
59.59702682495117
92.91643524169922
102.0958023071289
70.2431640625
95.86024475097656
73.52351379394531
75.75651550292969
139.15245056152344
154.03076171875
99.80300903320312
97.80706024169922
92.38822937011719
51.00007247924805
46.9232063293457
44.50012969970703
59.1064567565918
85.34624481201172
43.51163101196289
84.1414794921875
69.0522689819336
62.00564193725586
56.24207305908203
80.36132049560547
90.52660369873047
99.4272232055664
80.8101577758789
84.3890151977539
110.12210845947266
78.06539916992188
121.9233627319336
114.41033935546875
100.69466400146484
53.07470703125
75.62198638916016
55.7809944152832
47.861297607421875
98.93879699707031
70.28560638427734
124.47802734375
61.04934310913086
48.40950393676758
55.7210807800293
66.7860336303711
57.91057205200195
62.223812103271484
48.029571533203125
60.73537826538086
47.683040618896484
44.38811492919922
42.5683708190918
72.52672576904297
95.22371673583984
57.81185531616211
61.9919548034668
60.598907470703125
102.31688690185547
58.718482971191406
108.69571685791016
75.58146667480469
73.41976165771484
90.90555572509766
45.803955078125
47.93578338623047
59.174285888671875
110.49919891357422
45.085853576660156
69.48006439208984
42.6961669921875
46.54568099975586
59.47904586791992
60.33674240112305
55.413612365722656
49.552162170410156
43.42560958862305
38.606693267822266
34.65939712524414
47.461116790771484
49.185760498046875
52.883331298828125
66.65179443359375
52.26751708984375
