122.18182373046875
44.67887878417969
45.72715377807617
43.69934844970703
45.297019958496094
38.42377853393555
46.432857513427734
50.15283966064453
43.001434326171875
39.64697265625
37.458656311035156
38.657264709472656
43.09158706665039
47.08092498779297
44.94117736816406
45.223915100097656
49.111968994140625
37.83662796020508
40.933650970458984
46.6445198059082
55.6044921875
44.30974197387695
56.17063522338867
41.48037338256836
41.171119689941406
37.768497467041016
39.20705032348633
42.84822463989258
65.870849609375
57.188507080078125
65.50687408447266
72.66749572753906
56.4197998046875
39.564735412597656
51.0344352722168
39.54115676879883
37.738346099853516
49.618412017822266
47.8233528137207
40.8306884765625
41.39757537841797
37.3742561340332
43.51033401489258
40.81339645385742
36.561519622802734
40.516571044921875
41.627410888671875
49.414337158203125
46.90134811401367
48.190025329589844
40.916603088378906
41.24005889892578
46.90955352783203
53.614959716796875
43.17162322998047
59.91036605834961
46.38142013549805
41.98700714111328
37.594051361083984
71.23043823242188
73.43331146240234
84.5103530883789
60.443599700927734
67.92916870117188
50.476070404052734
48.62149429321289
40.901283264160156
45.541378021240234
50.13420104980469
42.0821647644043
37.72352600097656
35.117820739746094
48.90493392944336
49.77341842651367
39.815467834472656
39.5685920715332
43.971466064453125
40.90166091918945
40.93790817260742
37.86604690551758
38.6989631652832
41.84039306640625
54.82741928100586
38.57070541381836
38.65388107299805
43.52946090698242
37.92250061035156
58.688934326171875
41.94196701049805
41.3348388671875
39.4759407043457
41.39116668701172
37.826290130615234
41.038246154785156
44.878292083740234
44.37665939331055
43.832542419433594
37.493690490722656
37.03092575073242
49.311424255371094
40.398841857910156
38.80739974975586
45.74582290649414
36.709041595458984
49.915584564208984
36.93735122680664
45.03232955932617
40.92706298828125
45.05744552612305
36.82561111450195
41.195533752441406
33.9902458190918
36.724609375
38.45954513549805
38.71829605102539
38.25081253051758
43.57806396484375
36.86518478393555
36.150875091552734
36.10409164428711
36.00007247924805
37.633541107177734
33.000770568847656
38.41736602783203
38.264530181884766
39.94707107543945
44.312740325927734
43.75828170776367
49.27717971801758
45.459388732910156
48.96820068359375
42.492977142333984
41.84963607788086
45.00067901611328
58.081878662109375
46.60616683959961
48.58443069458008
32.66025924682617
40.82330322265625
48.24935531616211
38.41870880126953
46.633785247802734
48.294227600097656
47.618465423583984
52.95882797241211
40.62104034423828
37.67961502075195
41.771820068359375
35.384212493896484
42.34052276611328
39.68667221069336
39.3759651184082
40.76642608642578
35.74241256713867
41.52674102783203
50.04563903808594
42.27361297607422
42.93400573730469
69.30171203613281
56.19407272338867
51.924163818359375
49.276031494140625
56.72107696533203
61.302703857421875
51.743995666503906
35.52212142944336
36.864166259765625
36.622230529785156
45.73551559448242
49.50495529174805
38.759639739990234
45.1993408203125
70.9906005859375
43.35500717163086
37.984344482421875
57.595191955566406
51.98210525512695
48.37583923339844
57.7678108215332
55.74003982543945
52.72343063354492
54.9622688293457
55.92384719848633
52.90987777709961
54.8964729309082
59.72223663330078
54.466609954833984
53.288021087646484
64.87019348144531
65.55370330810547
61.347225189208984
76.5221939086914
60.28413772583008
55.00210189819336
54.47565460205078
51.007286071777344
54.7066764831543
59.3670768737793
60.041748046875
49.67289352416992
51.01245880126953
57.176422119140625
63.43072509765625
65.48858642578125
55.494850158691406
53.136451721191406
53.10494613647461
56.41854476928711
51.94000244140625
46.64634323120117
54.035308837890625
50.80073165893555
54.783843994140625
52.99641036987305
49.61272048950195
53.34058380126953
56.22567367553711
55.1482048034668
54.82564926147461
54.02248764038086
55.24385452270508
62.100154876708984
79.74047088623047
63.1428108215332
59.41176223754883
65.10791778564453
59.3508415222168
55.042232513427734
54.10828399658203
48.133602142333984
49.523048400878906
53.04046630859375
54.95257568359375
68.34600830078125
80.30669403076172
42.96512985229492
68.99291229248047
63.936187744140625
52.5086555480957
52.57499313354492
44.63394546508789
60.125831604003906
50.82381057739258
50.058143615722656
50.330142974853516
50.81332778930664
56.07896041870117
51.298885345458984
51.476844787597656
53.53156661987305
55.105018615722656
52.58828353881836
56.344024658203125
51.99249267578125
46.82776641845703
48.78363037109375
54.36300277709961
53.36965560913086
52.44155502319336
59.23504638671875
61.30522537231445
47.34162902832031
45.8994255065918
52.23970413208008
55.184669494628906
47.02984619140625
52.2231559753418
52.24589920043945
52.8288688659668
57.96480178833008
49.93585205078125
47.60422134399414
50.025840759277344
55.651710510253906
49.490272521972656
47.814064025878906
52.26619338989258
44.385799407958984
46.51357650756836
54.03386306762695
63.312191009521484
55.33936309814453
55.0306396484375
48.11185836791992
55.624183654785156
64.3372802734375
53.24824142456055
52.53477096557617
49.606746673583984
52.15241241455078
52.72109603881836
61.72229766845703
58.12548828125
53.59693145751953
52.4356803894043
51.63861083984375
55.48792266845703
61.24702072143555
64.31976318359375
52.46185302734375
51.35854721069336
47.82939147949219
61.6229133605957
61.52130126953125
69.65544128417969
47.221923828125
48.355831146240234
45.21257781982422
46.591182708740234
51.50799560546875
50.33800506591797
44.54359817504883
53.60645294189453
63.02036666870117
51.33370590209961
46.18960189819336
55.0501823425293
49.78818893432617
53.6049690246582
54.32894515991211
55.50871658325195
57.94606399536133
47.013771057128906
54.88623809814453
54.086181640625
47.43333053588867
49.924068450927734
58.1419563293457
55.80068588256836
58.57613754272461
59.864776611328125
65.2234115600586
76.1952133178711
119.03580474853516
75.53102111816406
64.58929443359375
63.63727569580078
62.9270133972168
47.75537109375
69.91571044921875
75.90190887451172
89.9588851928711
57.9550666809082
79.4124526977539
79.43282318115234
73.83491516113281
90.82209014892578
69.19237518310547
75.57904815673828
100.8523941040039
56.926513671875
54.44790267944336
53.98922348022461
50.515567779541016
41.969207763671875
61.6801643371582
59.81832504272461
70.13622283935547
56.9375114440918
58.95777130126953
55.08488845825195
74.07511138916016
53.72495651245117
53.794979095458984
51.34819412231445
45.61519241333008
53.4946174621582
47.519264221191406
57.33217239379883
54.79983139038086
68.18938446044922
79.14735412597656
82.55137634277344
81.06793975830078
75.38601684570312
75.5367202758789
65.8637924194336
59.37995529174805
52.09771728515625
61.90299606323242
64.5020980834961
60.36585235595703
59.37534713745117
60.339599609375
80.85218048095703
112.06197357177734
58.37948226928711
68.85063934326172
61.91399002075195
68.7313003540039
77.29289245605469
64.4389419555664
56.3564453125
53.9442253112793
51.07831954956055
48.23496627807617
55.127906799316406
50.83272933959961
48.73738479614258
54.564857482910156
50.6576042175293
56.538612365722656
53.57853317260742
67.33146667480469
66.69210052490234
68.78374481201172
63.986183166503906
52.170318603515625
54.53374099731445
52.9859733581543
59.823097229003906
68.32808685302734
49.68537139892578
42.74802780151367
45.362918853759766
41.152713775634766
47.6529655456543
43.983646392822266
46.944793701171875
66.7741928100586
63.22998809814453
80.58048248291016
58.68757247924805
52.41776657104492
56.95467758178711
53.9107666015625
54.39959716796875
57.25114822387695
73.23304748535156
78.1920394897461
71.3926773071289
80.22042083740234
68.43904113769531
62.82491683959961
49.4740104675293
59.9498176574707
51.863868713378906
60.89968490600586
59.873779296875
55.48518753051758
53.114418029785156
56.00322341918945
54.66384506225586
54.0124397277832
60.38456344604492
57.2017707824707
63.1383171081543
70.43050384521484
69.4166259765625
59.6004638671875
67.10926818847656
57.15114212036133
94.91412353515625
70.38561248779297
84.60494232177734
62.92363357543945
83.9033432006836
71.56082916259766
55.97371292114258
59.40571212768555
75.31299591064453
73.8655014038086
73.17913818359375
53.646236419677734
49.72503662109375
56.44698715209961
48.88945770263672
58.56362533569336
52.87996292114258
68.92025756835938
69.2881088256836
55.19553756713867
48.35179901123047
45.81544494628906
48.02714157104492
47.38874053955078
69.98394775390625
57.87635040283203
81.71759033203125
74.75725555419922
59.911170959472656
52.424110412597656
55.40217208862305
56.340362548828125
55.7011604309082
65.6969223022461
69.67440032958984
62.417659759521484
50.339168548583984
60.893062591552734
60.31923294067383
62.68599319458008
52.0615234375
59.4790153503418
56.1112060546875
63.00811767578125
68.7634048461914
79.52210235595703
76.35704040527344
67.10063934326172
70.79579162597656
77.29956817626953
84.22552490234375
60.47018051147461
62.451229095458984
71.72112274169922
66.19686126708984
74.2109375
72.57299041748047
73.4448471069336
74.00936126708984
64.7557601928711
63.47194290161133
56.50909423828125
53.992652893066406
57.63370895385742
61.510650634765625
62.90169143676758
78.302490234375
87.77519226074219
79.28185272216797
109.20556640625
66.75157928466797
66.78414154052734
72.07511901855469
62.95644760131836
50.404296875
66.71367645263672
81.83509826660156
54.72024154663086
73.9544906616211
70.93517303466797
71.61637878417969
63.9072265625
57.91779708862305
65.17632293701172
89.65741729736328
89.125
75.4171142578125
66.04878997802734
63.489959716796875
63.676513671875
71.46418762207031
69.60286712646484
68.11409759521484
61.65617752075195
68.14605712890625
65.19319915771484
57.34922409057617
63.06881332397461
55.0106086730957
69.12494659423828
65.55475616455078
71.49797821044922
76.10921478271484
81.77254486083984
60.2076530456543
68.01815032958984
63.642555236816406
73.28596496582031
78.02963256835938
71.16324615478516
80.93551635742188
58.3503532409668
64.88492584228516
65.21443939208984
52.8900146484375
78.11577606201172
62.568275451660156
75.28446197509766
77.3557357788086
68.93572235107422
73.51246643066406
75.94393157958984
82.3301773071289
72.50643920898438
73.375
75.994384765625
85.6932144165039
62.0759391784668
83.8371353149414
72.30594635009766
69.1318588256836
85.15805053710938
81.11856842041016
130.28126525878906
109.27691650390625
96.54444122314453
110.18389129638672
105.4509506225586
84.53016662597656
85.26123046875
94.23162841796875
88.35885620117188
69.97151947021484
99.09375
85.68268585205078
69.77764129638672
62.983436584472656
63.9564094543457
74.17113494873047
66.74319458007812
78.74120330810547
79.7397232055664
89.64347839355469
94.59396362304688
67.21012115478516
66.33497619628906
50.236995697021484
52.214393615722656
61.394287109375
51.9399528503418
55.902099609375
59.77201461791992
60.90145492553711
58.35333251953125
63.97150802612305
63.28265380859375
62.43040084838867
63.36564254760742
60.3108024597168
