80.20063018798828
49.4392204284668
49.29960632324219
60.384620666503906
58.68325424194336
59.39760971069336
57.693206787109375
61.129051208496094
59.945228576660156
54.58744430541992
54.192935943603516
49.63465118408203
47.37860870361328
48.065574645996094
46.91602325439453
44.345977783203125
42.56547927856445
46.61601638793945
44.58816909790039
45.33312225341797
43.575599670410156
45.789302825927734
41.64811706542969
44.59813690185547
41.302406311035156
45.97178649902344
43.13893127441406
45.370174407958984
42.832603454589844
48.534767150878906
47.0021858215332
49.43630599975586
47.88493728637695
43.18684005737305
41.64716339111328
46.35888671875
45.08012771606445
59.61065673828125
60.16228103637695
52.36341094970703
50.63197708129883
52.530418395996094
51.352149963378906
59.02360153198242
58.75366973876953
54.81740188598633
54.05640411376953
50.39871597290039
48.67845916748047
59.873470306396484
57.76496505737305
46.120304107666016
44.16597366333008
44.680973052978516
42.85163116455078
48.55145263671875
48.26589584350586
65.19175720214844
65.43101501464844
62.55278015136719
62.011375427246094
69.17112731933594
69.7353515625
47.05485916137695
44.42856979370117
52.4304313659668
52.16770935058594
48.2889518737793
49.49814224243164
53.23406982421875
50.88560485839844
63.61814498901367
63.55672073364258
70.12812805175781
67.93309020996094
70.47245025634766
68.14490509033203
79.77775573730469
80.20063018798828
52.92185592651367
53.230106353759766
60.42487335205078
61.87668991088867
53.54534912109375
52.71157455444336
69.82937622070312
71.62154388427734
70.54692840576172
67.22552490234375
74.2712631225586
72.83413696289062
46.98126983642578
45.3189697265625
51.4760627746582
50.19419479370117
43.74488067626953
41.95819854736328
44.8670768737793
44.47568893432617
42.54704284667969
41.03279113769531
45.93671417236328
44.79372024536133
44.75271224975586
43.68144607543945
54.850677490234375
53.17847442626953
59.905548095703125
57.76631546020508
50.68262481689453
50.058067321777344
46.71928405761719
45.77290725708008
53.86902618408203
52.99903869628906
48.4661979675293
46.44438934326172
59.19126892089844
60.30329513549805
46.041534423828125
46.267967224121094
50.12638473510742
48.645565032958984
45.79045486450195
44.794246673583984
51.12149429321289
49.69560623168945
50.11933517456055
48.21527099609375
48.356529235839844
46.81224822998047
43.09616470336914
40.64211654663086
52.819610595703125
49.37491226196289
47.30941390991211
46.96932601928711
63.07201385498047
63.157196044921875
58.72129440307617
57.8533821105957
54.65890884399414
52.04723358154297
47.766929626464844
44.271507263183594
46.45710754394531
47.98963165283203
43.547760009765625
42.99323654174805
44.216026306152344
43.3068733215332
49.78181457519531
48.07609176635742
52.335914611816406
54.61200714111328
49.67591094970703
46.99965286254883
51.97502136230469
50.69989013671875
50.260353088378906
49.009521484375
49.504791259765625
49.9393424987793
61.51628494262695
59.683292388916016
68.86516571044922
69.65435028076172
52.835533142089844
50.23036193847656
61.68684768676758
61.164649963378906
59.638057708740234
57.153221130371094
49.16603088378906
48.588016510009766
46.993900299072266
45.51163864135742
59.55009078979492
58.89411163330078
55.96414566040039
54.362762451171875
50.79076385498047
50.81238555908203
57.16140365600586
53.446372985839844
64.31957244873047
60.744083404541016
72.01422119140625
69.11006164550781
61.94721603393555
60.26777648925781
65.2145004272461
60.766563415527344
56.762264251708984
55.25474166870117
56.025856018066406
54.641666412353516
63.71603775024414
61.080291748046875
71.33222961425781
65.28559875488281
72.92170715332031
70.28710174560547
61.99532699584961
57.375431060791016
64.00868225097656
58.36794662475586
65.12931060791016
62.92345428466797
87.5397720336914
84.10399627685547
77.31293487548828
75.50576782226562
74.11284637451172
75.4015121459961
69.3577880859375
69.1481704711914
75.86297607421875
73.3150863647461
66.46562194824219
63.173431396484375
83.90643310546875
79.60800170898438
71.34085845947266
69.8999252319336
74.18925476074219
74.09056091308594
81.6031723022461
78.1557388305664
78.01033020019531
75.88175964355469
80.5487060546875
82.43706512451172
70.24957275390625
69.65164947509766
66.99493408203125
67.1378402709961
59.389739990234375
58.11091613769531
71.84321594238281
72.02507019042969
72.05409240722656
70.92707824707031
72.60303497314453
71.36022186279297
56.59210968017578
54.38942337036133
71.30571746826172
74.0074462890625
81.21768951416016
82.4002914428711
65.04391479492188
67.0804672241211
58.78257751464844
58.334781646728516
60.185951232910156
61.05607986450195
63.01169204711914
61.59703063964844
68.98240661621094
67.83106994628906
56.310699462890625
60.10123825073242
63.47615051269531
64.58404541015625
75.71952056884766
74.70909118652344
82.07259368896484
80.11186218261719
69.99518585205078
71.15409088134766
62.535247802734375
60.109554290771484
61.86616516113281
58.54108810424805
48.41710662841797
46.47956466674805
55.63015365600586
55.667484283447266
61.6748161315918
60.52420425415039
67.50477600097656
64.1550064086914
69.72521209716797
68.16645812988281
46.95620346069336
44.19046401977539
52.662925720214844
52.21003723144531
61.95077896118164
62.993927001953125
78.99285125732422
79.09931945800781
91.20785522460938
89.7970962524414
81.8770523071289
78.6943359375
64.83670806884766
63.258174896240234
66.91954040527344
64.44043731689453
70.79712677001953
66.44589233398438
93.20498657226562
84.48853302001953
82.81705474853516
78.60364532470703
68.26949310302734
68.31241607666016
69.0517807006836
67.43854522705078
70.04608154296875
63.66971969604492
59.45072555541992
56.48007583618164
75.62173461914062
71.52465057373047
74.24549102783203
70.84915924072266
45.28131103515625
44.456485748291016
58.11507797241211
57.39141082763672
72.08208465576172
72.24420928955078
55.964168548583984
54.33373260498047
73.81824493408203
70.43148040771484
59.715694427490234
57.61520767211914
58.12883758544922
56.83235549926758
67.44414520263672
63.631492614746094
70.24104309082031
68.81400299072266
60.30744171142578
58.97682189941406
65.22216033935547
64.70330810546875
65.53800964355469
63.613956451416016
47.845027923583984
47.62358093261719
51.55415725708008
50.4843864440918
65.42741394042969
68.69855499267578
71.5646743774414
69.93889617919922
81.03507995605469
81.69054412841797
63.170936584472656
62.40699005126953
64.90953063964844
63.84229278564453
76.44426727294922
72.3309326171875
75.24148559570312
75.68624877929688
69.01036071777344
68.00668334960938
70.1423110961914
70.49893951416016
67.42918395996094
69.99688720703125
71.45063018798828
69.71708679199219
75.16856384277344
72.684814453125
59.373260498046875
58.2196044921875
61.355804443359375
56.950714111328125
46.25282287597656
46.84271240234375
55.77634048461914
52.95922088623047
74.5367660522461
72.43907928466797
74.02196502685547
66.54346466064453
51.01203918457031
51.81401824951172
49.93305206298828
46.338199615478516
