220.87184143066406
41.869117736816406
41.347930908203125
42.486671447753906
43.57879638671875
40.929710388183594
41.79121780395508
40.4402961730957
40.200260162353516
39.67230224609375
40.11478805541992
39.9439811706543
40.92264938354492
40.85541915893555
40.187801361083984
40.8424186706543
40.919952392578125
39.904109954833984
42.5363883972168
40.67451095581055
42.31159210205078
41.4034423828125
41.159297943115234
40.097633361816406
40.01018142700195
41.713722229003906
40.93818283081055
42.17548370361328
41.67281723022461
39.68949508666992
40.79676055908203
40.79397964477539
40.73682403564453
40.91891860961914
41.657554626464844
41.70820999145508
41.03279495239258
41.264068603515625
40.66459274291992
40.824642181396484
40.57509231567383
39.98357009887695
40.544212341308594
40.56947326660156
40.367897033691406
39.461585998535156
40.41140365600586
38.988059997558594
40.12142562866211
41.11830520629883
40.653045654296875
41.36029052734375
40.58712387084961
39.99160385131836
39.67948532104492
39.64472579956055
38.735836029052734
39.36367416381836
39.46205520629883
39.25199508666992
38.846004486083984
39.32828903198242
39.69269561767578
39.600032806396484
40.16274642944336
39.51411056518555
40.29941940307617
40.98018264770508
40.2459831237793
41.094703674316406
40.46031188964844
39.112701416015625
40.011810302734375
40.16127395629883
39.55961990356445
40.00051498413086
40.40463638305664
41.29749298095703
40.98055648803711
41.852874755859375
40.20804977416992
40.19160079956055
41.306888580322266
40.74465560913086
40.65568161010742
41.11832046508789
39.9716796875
40.01044845581055
40.8470344543457
39.74507141113281
40.048091888427734
40.06809616088867
40.136146545410156
40.76622772216797
142.77059936523438
177.873046875
44.73866653442383
40.757659912109375
39.17666244506836
39.42266845703125
40.179962158203125
39.833221435546875
39.726375579833984
40.80935287475586
41.184017181396484
40.28934860229492
79.79137420654297
40.59819030761719
39.452049255371094
40.27313995361328
39.90089797973633
39.71621322631836
41.35385513305664
40.14394760131836
39.11959457397461
39.97298812866211
39.58085250854492
39.12785720825195
40.1110725402832
39.630069732666016
39.7918815612793
39.656185150146484
39.148677825927734
39.43251037597656
39.6683235168457
39.06509017944336
38.67241287231445
39.18376541137695
40.562129974365234
39.43206787109375
40.01920700073242
39.707275390625
39.26890182495117
40.32691192626953
39.80331039428711
39.22035217285156
39.4034423828125
39.70536422729492
39.945308685302734
40.15827178955078
39.943572998046875
39.37705612182617
39.54712677001953
42.24026107788086
40.80399703979492
41.913734436035156
41.407588958740234
40.03645324707031
40.446739196777344
42.09667205810547
41.483856201171875
40.34075164794922
39.85017013549805
42.233802795410156
40.7193603515625
40.47857666015625
41.07405471801758
40.92976379394531
40.359466552734375
39.9395637512207
40.44739532470703
40.371707916259766
40.85669708251953
40.53375244140625
40.15418243408203
39.93647003173828
40.62290573120117
40.3154411315918
40.50557327270508
40.52809524536133
40.692901611328125
40.145084381103516
40.49245834350586
41.1962776184082
40.55996322631836
40.49099349975586
41.250118255615234
40.17597579956055
40.35885238647461
40.39399337768555
38.82477951049805
39.927734375
39.9011344909668
39.821502685546875
40.58809280395508
40.74953079223633
39.885772705078125
39.85956573486328
40.47288131713867
40.713287353515625
40.600807189941406
41.4909782409668
39.53603744506836
40.8856201171875
41.03643798828125
39.943702697753906
40.17344665527344
40.388343811035156
40.32121276855469
40.44589614868164
41.161869049072266
41.02299118041992
41.16582489013672
40.0038948059082
39.312068939208984
39.79490280151367
39.85355758666992
40.26766586303711
41.63966751098633
40.900569915771484
50.2050895690918
41.105289459228516
40.719356536865234
41.0219841003418
40.6141471862793
40.651973724365234
41.0630989074707
40.22651290893555
40.11921310424805
41.346553802490234
40.70081329345703
39.600154876708984
40.68037414550781
40.419429779052734
228.2740936279297
43.18595504760742
41.67394256591797
47.80963134765625
42.254302978515625
40.15027618408203
40.442657470703125
40.91054153442383
47.32109451293945
46.39978790283203
44.51729202270508
46.111854553222656
44.8956184387207
44.43453598022461
43.39516067504883
46.4173698425293
43.72919845581055
51.2071647644043
50.507606506347656
53.4919319152832
51.22498321533203
64.38575744628906
81.95985412597656
84.2185287475586
137.80860900878906
139.3917999267578
242.98208618164062
1124.906982421875
125.5122299194336
157.36761474609375
127.072509765625
117.17616271972656
125.39395904541016
128.30650329589844
357.764892578125
138.14682006835938
123.01384735107422
144.93199157714844
163.23751831054688
133.12229919433594
157.36549377441406
216.8369598388672
246.7711181640625
213.85366821289062
175.6616973876953
155.5262908935547
158.69277954101562
132.2502899169922
129.20669555664062
173.72344970703125
247.69834899902344
198.75311279296875
424.5504455566406
665.3720703125
1256.77294921875
688.3959350585938
845.9063720703125
672.9598999023438
1065.311767578125
515.2218627929688
2535.146484375
2704.50244140625
1933.2977294921875
2530.068603515625
2520.828857421875
3529.999267578125
1633.5185546875
1061.728759765625
1994.767578125
1619.7796630859375
1925.542236328125
3095.42626953125
2764.221435546875
3072.245849609375
3539.79736328125
2269.240478515625
2801.300537109375
1046.828125
2359.13330078125
2615.807373046875
2804.49267578125
2541.41796875
2763.90380859375
851.7970581054688
958.5209350585938
3439.071044921875
3480.771240234375
2523.736083984375
2321.068115234375
2445.907958984375
2268.416748046875
1810.8837890625
1948.513916015625
2093.800537109375
2048.08349609375
2095.353271484375
1602.719482421875
1529.3846435546875
799.5502319335938
1845.3218994140625
2339.397216796875
1340.609375
2614.405517578125
1317.5875244140625
1484.9898681640625
1754.1907958984375
1164.604736328125
1233.3289794921875
3178.727783203125
1810.641845703125
3158.24072265625
1834.6585693359375
1491.36572265625
1531.0279541015625
2237.689208984375
1616.674072265625
1715.423095703125
1519.666259765625
1381.4119873046875
2570.759521484375
2900.452880859375
1591.2542724609375
2204.289794921875
1488.7098388671875
1963.6390380859375
2473.67138671875
2544.571044921875
1708.49609375
1656.0711669921875
1660.90625
1839.8128662109375
2754.26171875
2932.427734375
3080.692138671875
2762.87451171875
3046.17431640625
4169.58935546875
1955.1590576171875
2996.2705078125
2828.887939453125
2148.998046875
1457.298095703125
1884.8773193359375
2097.656982421875
1893.2000732421875
1829.5155029296875
