51.821022033691406
45.4844856262207
44.17921829223633
43.82072448730469
43.70750427246094
45.21061325073242
44.89826583862305
45.7122802734375
45.00611114501953
45.116519927978516
44.328739166259766
45.45361328125
44.63718032836914
44.54458999633789
43.51152420043945
45.4013671875
43.871185302734375
44.456886291503906
44.380950927734375
45.80828857421875
45.104270935058594
45.598514556884766
45.057769775390625
44.97349548339844
44.24245834350586
47.03435134887695
46.99654006958008
45.79475784301758
45.328643798828125
46.125038146972656
45.29227066040039
46.12284851074219
44.80272674560547
45.65513610839844
44.5428581237793
45.79531478881836
45.5441780090332
45.42955780029297
45.27144241333008
45.47490692138672
45.34305953979492
44.36387634277344
43.23051452636719
43.38400650024414
42.60194396972656
43.280033111572266
42.94059753417969
45.540504455566406
43.96321487426758
44.660621643066406
43.31392288208008
44.925350189208984
43.944156646728516
44.29248809814453
43.82465362548828
44.434288024902344
42.97890853881836
44.395484924316406
42.640769958496094
43.553977966308594
41.85015869140625
43.20616912841797
41.97633743286133
44.08769989013672
43.797882080078125
42.25538635253906
41.6723518371582
43.935977935791016
43.423622131347656
43.437496185302734
43.115577697753906
42.695030212402344
42.001182556152344
44.4365348815918
43.99635696411133
44.7640380859375
44.13908767700195
44.57432174682617
44.00652313232422
45.58186721801758
44.63890075683594
45.96761703491211
45.71198272705078
45.87220001220703
45.51802444458008
45.6215934753418
45.07381820678711
44.96996307373047
45.316402435302734
49.5515022277832
44.09425354003906
46.217567443847656
43.91501235961914
45.10718536376953
47.229042053222656
44.84368896484375
45.46885299682617
44.66133499145508
44.11698913574219
44.759422302246094
44.55113220214844
44.014583587646484
46.32631301879883
44.5925407409668
44.9149169921875
45.40696334838867
45.9801025390625
43.63553237915039
44.27012634277344
44.73668670654297
44.9008674621582
44.740177154541016
44.856746673583984
44.83159255981445
44.85665512084961
45.035404205322266
44.940032958984375
46.736671447753906
44.679420471191406
45.21098709106445
45.148983001708984
47.259071350097656
46.73346710205078
45.45568084716797
44.848663330078125
45.632755279541016
44.976417541503906
45.548160552978516
45.24699020385742
46.228187561035156
45.677494049072266
45.23284912109375
44.92744064331055
43.22657775878906
42.744503021240234
44.231361389160156
43.893775939941406
44.58528518676758
44.545265197753906
43.64738082885742
44.185184478759766
42.29923629760742
43.588623046875
43.49445343017578
43.997520446777344
44.83279037475586
46.244075775146484
45.91661071777344
45.29817581176758
45.81081008911133
46.078582763671875
45.29592514038086
45.82089614868164
43.78194046020508
43.30594253540039
44.10700225830078
43.41161346435547
45.7100830078125
44.01626205444336
45.697566986083984
45.01569366455078
45.84290313720703
44.94526672363281
45.21947479248047
44.51820755004883
45.42741394042969
44.620723724365234
46.39961624145508
45.861968994140625
45.54892349243164
44.84272003173828
44.47127151489258
43.862979888916016
45.384498596191406
44.591339111328125
44.81399917602539
43.898223876953125
45.39508056640625
44.71228790283203
43.99167251586914
43.40501403808594
44.6649055480957
44.57146453857422
44.03462219238281
43.5493049621582
44.587257385253906
43.63125228881836
43.993560791015625
43.09165954589844
43.158103942871094
43.86055374145508
42.76541519165039
42.108524322509766
43.324195861816406
42.61138916015625
42.323856353759766
42.58187484741211
44.4602165222168
43.69279861450195
44.17093276977539
43.271453857421875
43.987403869628906
43.28584671020508
43.729007720947266
43.462894439697266
44.06732177734375
43.660282135009766
43.378787994384766
42.65425491333008
43.303096771240234
42.750003814697266
43.99959945678711
44.083251953125
42.9278678894043
43.463645935058594
43.85320281982422
43.48556137084961
42.5618782043457
42.87535095214844
42.52141189575195
42.58811569213867
43.31387710571289
42.94124984741211
43.267173767089844
43.892757415771484
43.76982116699219
44.079559326171875
44.89910125732422
44.19483947753906
43.98318099975586
43.650394439697266
43.49130630493164
43.12609100341797
43.36174774169922
42.55985641479492
43.477115631103516
43.206336975097656
44.25302505493164
43.41950988769531
44.192420959472656
43.56229782104492
42.748722076416016
42.91445541381836
44.46232986450195
44.074951171875
45.19257354736328
44.769447326660156
42.74953079223633
43.0047721862793
44.84758377075195
44.12419509887695
45.85124969482422
44.83929443359375
44.1998291015625
43.78601837158203
43.815673828125
43.67363739013672
43.64522171020508
43.71771240234375
43.57272720336914
43.2922477722168
44.064754486083984
44.0821533203125
48.990169525146484
49.13850784301758
44.29658508300781
43.2255744934082
44.14722442626953
43.93560028076172
43.707183837890625
43.31216812133789
45.73828887939453
45.65663146972656
44.574684143066406
44.053382873535156
45.24998474121094
45.014312744140625
45.13791275024414
44.454036712646484
45.26384735107422
43.93133544921875
45.64408874511719
44.56898880004883
46.527923583984375
45.118072509765625
46.98087692260742
45.72014236450195
45.408260345458984
44.65437316894531
45.72340393066406
44.781890869140625
44.01851272583008
43.22585678100586
44.509864807128906
44.02342987060547
51.821022033691406
44.08311080932617
48.50910186767578
42.95829772949219
49.25054168701172
43.96121597290039
43.25823974609375
43.11579895019531
44.536556243896484
44.38009262084961
44.87733459472656
44.34313201904297
45.04508972167969
44.43379211425781
47.208648681640625
44.0835075378418
48.92566680908203
44.47922134399414
45.04776382446289
44.66850662231445
44.28285598754883
44.84366989135742
44.467864990234375
44.65642547607422
43.650875091552734
43.99909210205078
45.14331817626953
44.98950958251953
45.29757308959961
45.34724426269531
45.446163177490234
45.57135772705078
45.458614349365234
45.828067779541016
46.022464752197266
45.585060119628906
46.70579528808594
45.99172592163086
46.9670295715332
46.60786819458008
46.674598693847656
46.366146087646484
46.81050109863281
45.900665283203125
46.42673110961914
45.497684478759766
46.5567512512207
45.295108795166016
48.59809112548828
47.49940872192383
48.556331634521484
47.51509094238281
46.50571823120117
45.76969528198242
44.48085403442383
44.10780715942383
44.56513214111328
44.08552932739258
45.07792282104492
44.627410888671875
45.94445037841797
45.372291564941406
46.43959426879883
45.411041259765625
46.164737701416016
45.14290237426758
45.46163558959961
44.81356430053711
44.474342346191406
43.91055679321289
44.4015998840332
43.581966400146484
45.345401763916016
44.5931282043457
45.7944221496582
44.66325378417969
45.72898483276367
44.61248779296875
45.71726989746094
45.127864837646484
46.025787353515625
45.38441848754883
45.69213104248047
44.89048385620117
46.592899322509766
45.168373107910156
46.45641326904297
45.32059860229492
45.374019622802734
44.97661209106445
44.0609016418457
43.37357711791992
43.88928985595703
43.49431228637695
44.75181579589844
44.41560363769531
45.30393981933594
44.113338470458984
44.51909637451172
43.84733963012695
44.96315383911133
44.344482421875
44.60823440551758
44.11516189575195
44.484596252441406
43.87060546875
44.282920837402344
44.09342575073242
45.2531852722168
44.78669357299805
45.248382568359375
45.105533599853516
46.80190658569336
45.56293869018555
46.89845275878906
45.605445861816406
45.86540985107422
45.057735443115234
45.878997802734375
44.79224395751953
47.84498596191406
45.318485260009766
46.73023986816406
49.34493637084961
46.64930725097656
45.89617156982422
46.79594421386719
45.26345443725586
45.60870361328125
44.799468994140625
47.10832595825195
44.65082931518555
47.19277572631836
44.470027923583984
49.50082778930664
45.0193977355957
50.4690055847168
46.1982307434082
47.155399322509766
44.910972595214844
47.5461311340332
44.525150299072266
47.78729248046875
44.25139617919922
47.08214569091797
44.30464553833008
47.217384338378906
46.52627944946289
47.805625915527344
46.8260498046875
48.08732604980469
44.012386322021484
50.29885482788086
45.813480377197266
53.477657318115234
44.49736404418945
55.0710563659668
44.249595642089844
55.72527313232422
47.73823928833008
58.925262451171875
47.14664840698242
56.62516784667969
45.9378547668457
55.22601318359375
47.59034729003906
54.61491394042969
46.65674591064453
55.89607620239258
46.48785400390625
54.0101432800293
46.52720642089844
55.38869094848633
46.498477935791016
55.846290588378906
50.65801239013672
55.61370849609375
49.09361267089844
55.442955017089844
47.11085891723633
52.97824478149414
47.52678298950195
56.07167434692383
50.75776672363281
56.2630729675293
50.73311233520508
57.41736602783203
48.77609634399414
55.10865783691406
47.3827018737793
65.50653839111328
47.969120025634766
72.79619598388672
49.22565460205078
77.78362274169922
45.42375946044922
71.12706756591797
44.11220932006836
75.47003173828125
46.93462371826172
91.90501403808594
44.2412109375
82.16484069824219
50.129051208496094
76.0295639038086
54.517059326171875
71.14447784423828
55.52804183959961
77.88734436035156
52.597373962402344
85.57670593261719
47.38454055786133
77.82152557373047
47.59992980957031
84.93606567382812
44.68321990966797
86.02346801757812
44.81704330444336
90.260009765625
45.44613265991211
96.75535583496094
46.61099624633789
74.02450561523438
51.88715744018555
98.77613830566406
51.598358154296875
113.55104064941406
60.338558197021484
96.72870635986328
59.021968841552734
91.52111053466797
60.93367385864258
92.33346557617188
60.397525787353516
85.8666763305664
59.50653839111328
90.84536743164062
66.59062194824219
87.91787719726562
66.52696990966797
97.83531188964844
68.1864013671875
96.62135314941406
70.22405242919922
80.01193237304688
72.97718811035156
96.80643463134766
68.62989807128906
105.71426391601562
77.67745208740234
86.17488098144531
68.74933624267578
85.43638610839844
68.7354736328125
89.94447326660156
66.92765808105469
96.65754699707031
73.63065338134766
107.14460754394531
81.76022338867188
110.03746795654297
77.29544830322266
98.90766906738281
75.8519515991211
91.34932708740234
76.6494369506836
113.66258239746094
73.54867553710938
95.6246109008789
68.09249877929688
121.5890121459961
75.4699935913086
106.46094512939453
79.28802490234375
114.12715148925781
91.36096954345703
104.53028106689453
88.42076110839844
109.74671936035156
87.1555404663086
106.30522918701172
94.90038299560547
115.57368469238281
99.43678283691406
102.7531967163086
80.69053649902344
100.79731750488281
82.66244506835938
94.30131530761719
80.94129943847656
104.4019775390625
79.79127502441406
94.16117858886719
84.9006576538086
98.9974136352539
81.35314178466797
129.6118621826172
82.69816589355469
120.63934326171875
69.9576416015625
132.85585021972656
71.5736312866211
135.26406860351562
73.02863311767578
129.94769287109375
76.40008544921875
127.19957733154297
78.33362579345703
125.03179931640625
78.39471435546875
134.42420959472656
81.56038665771484
129.98422241210938
72.64629364013672
132.52566528320312
72.58111572265625
116.12796783447266
78.2958984375
122.90204620361328
73.45486450195312
156.51979064941406
78.00342559814453
135.7871856689453
92.71572875976562
133.5024871826172
93.6858901977539
132.67115783691406
83.24909973144531
142.6457061767578
86.36671447753906
150.31585693359375
100.7003173828125
161.4760284423828
97.34662628173828
165.2843475341797
102.58331298828125
132.61431884765625
94.06668853759766
129.34371948242188
107.30631256103516
129.2388153076172
103.20877075195312
121.44422912597656
96.45426177978516
147.48712158203125
74.65460205078125
133.10369873046875
69.69976043701172
108.47683715820312
85.32107543945312
104.0632095336914
74.06339263916016
107.73111724853516
81.48497009277344
114.89807891845703
78.35964965820312
125.34754943847656
80.13191223144531
127.1341323852539
76.04299926757812
131.53201293945312
81.60724639892578
132.15284729003906
90.10575103759766
129.067138671875
75.6175537109375
145.58016967773438
70.4652099609375
145.12579345703125
73.89839935302734
160.10638427734375
83.37169647216797
163.9713134765625
87.86317443847656
148.2015838623047
78.0302505493164
147.400390625
81.0118637084961
133.3262176513672
68.84884643554688
146.5215606689453
73.03800964355469
145.61190795898438
70.51917266845703
117.34740447998047
79.11939239501953
120.10989379882812
69.35237121582031
129.21624755859375
71.30071258544922
114.80937957763672
63.52613830566406
136.16978454589844
72.22348022460938
128.85862731933594
81.02609252929688
122.74410247802734
89.45842742919922
146.09385681152344
81.03974914550781
131.1006317138672
68.21550750732422
108.66844177246094
86.77911376953125
112.47406005859375
89.00821685791016
111.94702911376953
74.94816589355469
92.8664779663086
75.9282455444336
114.49317169189453
74.72373962402344
124.17881774902344
76.66561126708984
106.13148498535156
87.31838989257812
110.94967651367188
82.69050598144531
108.05615234375
75.59030151367188
108.23893737792969
89.47207641601562
99.51615142822266
83.25740814208984
106.64955139160156
83.52803802490234
90.575927734375
87.58406066894531
92.01324462890625
78.83201599121094
96.13041687011719
81.24163055419922
80.44105529785156
75.62281799316406
90.33255004882812
90.87078857421875
72.4986572265625
72.90681457519531
100.30747985839844
72.59530639648438
94.49382781982422
79.89081573486328
106.87840270996094
80.75666809082031
91.7339859008789
87.82951354980469
101.18206787109375
89.2311019897461
101.31559753417969
87.57383728027344
90.1078109741211
78.0577621459961
86.51669311523438
89.1216812133789
83.71918487548828
92.15103149414062
88.29122924804688
101.24044799804688
85.18551635742188
96.37191772460938
84.7628173828125
102.97078704833984
81.56932830810547
102.2784423828125
85.61882019042969
104.08889770507812
76.23847198486328
93.54719543457031
83.30413818359375
81.59355926513672
91.99272918701172
80.80571746826172
79.97457885742188
87.85841369628906
81.30461120605469
104.13600158691406
76.94917297363281
97.98682403564453
88.4080810546875
94.36392974853516
108.14004516601562
93.62032318115234
95.6724853515625
90.4430160522461
94.25291442871094
95.49059295654297
85.8338851928711
100.41426086425781
99.16681671142578
97.80461883544922
96.61082458496094
111.82901763916016
89.04676055908203
91.44800567626953
97.9328842163086
113.98871612548828
97.49933624267578
118.685302734375
85.333740234375
106.28813171386719
96.11701202392578
95.4034194946289
89.31835174560547
95.3249282836914
105.30645751953125
104.51707458496094
108.43363952636719
107.68115997314453
89.90998840332031
90.18766021728516
80.31914520263672
86.06517028808594
77.04584503173828
89.8320541381836
82.38468170166016
98.05037689208984
72.92969512939453
82.00044250488281
84.47869110107422
97.8822021484375
72.30609130859375
93.00997924804688
82.59383392333984
90.3349838256836
84.74960327148438
86.51114654541016
84.67157745361328
87.14464569091797
86.2438735961914
83.03164672851562
82.2093734741211
94.94805145263672
83.76388549804688
84.52286529541016
87.8764419555664
92.45394134521484
87.62252044677734
98.04435729980469
101.4158935546875
121.02892303466797
103.26580810546875
117.54914855957031
97.62162017822266
100.58317565917969
120.5288314819336
124.19039916992188
106.2847671508789
107.72866821289062
102.40572357177734
103.72190856933594
110.06771087646484
108.88679504394531
127.39093780517578
128.9943389892578
135.22467041015625
137.92361450195312
137.40151977539062
140.96482849121094
133.54933166503906
137.70635986328125
112.66991424560547
115.8233413696289
106.30107116699219
111.22643280029297
103.17880249023438
106.14251708984375
116.22528839111328
116.85758209228516
120.70843505859375
123.00245666503906
159.5989532470703
161.71383666992188
140.36749267578125
137.7784881591797
139.23272705078125
140.56504821777344
124.03519439697266
126.83658599853516
107.92274475097656
112.78069305419922
119.74761962890625
127.82170867919922
139.29612731933594
139.91860961914062
134.326416015625
135.04519653320312
126.15650939941406
127.34378051757812
148.54229736328125
151.27748107910156
161.4969940185547
162.56837463378906
152.73236083984375
165.58145141601562
128.343994140625
133.74725341796875
130.42041015625
137.27569580078125
100.88150787353516
102.83204650878906
124.42960357666016
120.22720336914062
144.00328063964844
139.9510040283203
149.4317169189453
139.83180236816406
