69.01609802246094
39.258880615234375
39.742610931396484
39.7053108215332
40.37162399291992
39.75519561767578
40.67994689941406
41.238582611083984
41.873382568359375
39.508235931396484
41.97045135498047
41.15311813354492
41.86091995239258
39.52812957763672
40.97795486450195
40.12731170654297
42.02219772338867
40.47312545776367
41.19915008544922
41.868736267089844
41.951881408691406
41.53156280517578
42.244285583496094
41.474525451660156
42.89182662963867
39.90672302246094
40.87994384765625
41.81206130981445
42.48064422607422
40.08757019042969
42.62416458129883
40.23759460449219
42.32231521606445
41.24445724487305
41.60298156738281
40.90531921386719
42.76952362060547
41.656185150146484
43.75344467163086
41.670982360839844
43.059326171875
42.58407974243164
43.35346984863281
41.43205261230469
41.658695220947266
41.167301177978516
41.66718673706055
42.575538635253906
44.566261291503906
41.85399627685547
44.01613235473633
41.8963623046875
44.00068283081055
41.029781341552734
42.02443313598633
40.06641387939453
41.62569808959961
41.33439636230469
42.80574417114258
42.99955749511719
43.513038635253906
42.6158447265625
43.12788391113281
43.8028678894043
47.34379196166992
42.88705062866211
42.751609802246094
44.18964385986328
44.3318977355957
45.37089538574219
44.96916961669922
45.67365264892578
45.23508834838867
45.20116424560547
48.53190994262695
46.09626770019531
44.86536407470703
49.04014587402344
44.694976806640625
47.5269775390625
43.234649658203125
44.05488204956055
43.41525650024414
43.87189483642578
43.422271728515625
48.59209060668945
43.12091827392578
50.93119812011719
45.91103744506836
47.12487030029297
44.2436408996582
45.0815315246582
47.14617156982422
45.52386474609375
48.617774963378906
44.488868713378906
45.05461502075195
42.91015625
43.01570129394531
43.713382720947266
43.56254577636719
47.59053039550781
47.25273513793945
41.35816955566406
45.75870132446289
46.531463623046875
45.82354736328125
53.794612884521484
52.032833099365234
52.16161346435547
47.565673828125
69.01610565185547
64.46463012695312
61.624393463134766
58.5645637512207
82.95018768310547
84.34806060791016
73.46651458740234
70.37572479248047
96.23603820800781
101.06781768798828
103.50971984863281
104.6915054321289
90.87512969970703
62.869590759277344
144.99412536621094
155.14198303222656
115.38422393798828
119.53286743164062
125.11949157714844
123.05133056640625
165.7310791015625
136.11260986328125
131.03298950195312
123.60413360595703
282.38629150390625
274.7029113769531
188.98983764648438
188.82371520996094
163.48455810546875
162.09072875976562
203.29751586914062
231.03770446777344
312.5066833496094
326.8311462402344
415.3089904785156
422.89703369140625
674.0263061523438
660.6300048828125
545.2894287109375
542.8612670898438
421.4486999511719
418.7065124511719
352.1788635253906
334.19842529296875
686.7044677734375
683.6378173828125
604.0083618164062
610.700927734375
494.30059814453125
483.5555419921875
359.1181335449219
379.3045349121094
382.8308410644531
371.0391540527344
397.29547119140625
418.0484313964844
504.2754821777344
485.3185729980469
481.0555725097656
472.2010498046875
537.8226928710938
539.8910522460938
397.4461364746094
353.6562194824219
514.3721313476562
508.0867004394531
328.9852600097656
303.0395202636719
360.5799560546875
356.92767333984375
415.5970458984375
415.4306945800781
412.5287170410156
412.14117431640625
274.7206726074219
269.75115966796875
347.67779541015625
350.1402282714844
250.81874084472656
241.8185577392578
657.774658203125
636.4723510742188
440.61236572265625
441.5675048828125
665.3527221679688
645.5308837890625
701.4716186523438
685.0761108398438
789.7434692382812
732.9954223632812
811.4765625
794.820556640625
821.3244018554688
824.8148803710938
744.7684326171875
760.6431274414062
836.7463989257812
867.637939453125
635.02978515625
705.0509033203125
796.7584228515625
800.6095581054688
682.3885498046875
683.4614868164062
883.819580078125
896.901123046875
759.6030883789062
754.5791625976562
861.9348754882812
863.6743774414062
847.6417846679688
851.3175659179688
730.0812377929688
759.5255126953125
843.4654541015625
852.5953979492188
784.5618286132812
783.03857421875
718.8670654296875
638.8576049804688
876.0740356445312
847.8217163085938
849.7337646484375
886.1214599609375
753.8248901367188
755.96142578125
788.4555053710938
787.1237182617188
858.2310180664062
808.3935546875
890.2189331054688
870.786865234375
875.4194946289062
880.552978515625
810.4924926757812
826.8591918945312
998.99169921875
874.5540771484375
728.141357421875
689.864990234375
715.1715698242188
637.6602783203125
938.1471557617188
857.4443359375
1042.6871337890625
957.8577880859375
769.0498046875
789.4197387695312
848.5337524414062
842.3106079101562
760.0619506835938
718.1593017578125
801.526611328125
771.2872314453125
957.1497192382812
891.5116577148438
762.4144897460938
706.3954467773438
774.6010131835938
734.2354125976562
930.4910278320312
900.289306640625
883.0348510742188
889.4235229492188
1108.7733154296875
1072.9444580078125
960.6298828125
969.4601440429688
871.0780029296875
815.0073852539062
1139.6878662109375
1088.3734130859375
975.5415649414062
936.20068359375
891.8082885742188
801.308837890625
1117.01953125
1098.8367919921875
848.9004516601562
895.314208984375
889.898681640625
844.1293334960938
849.7263793945312
783.6998901367188
932.58154296875
873.7862548828125
873.6819458007812
848.7987670898438
798.2904663085938
760.6383666992188
857.1749267578125
840.6880493164062
749.96826171875
734.7498168945312
985.8589477539062
881.6592407226562
775.7732543945312
732.5925903320312
923.27978515625
892.202392578125
911.4906005859375
886.8765869140625
788.8833618164062
769.0940551757812
882.7582397460938
838.7946166992188
780.7972412109375
806.3035278320312
846.5653686523438
842.1934814453125
817.6387939453125
777.740966796875
912.8458862304688
874.56298828125
787.0030517578125
716.3943481445312
811.245849609375
780.0740356445312
760.6317138671875
766.6979370117188
757.2490844726562
690.2877197265625
789.1607666015625
752.0811767578125
677.6076049804688
647.8184814453125
871.0974731445312
801.2875366210938
683.1300048828125
683.5531616210938
748.7415161132812
705.2744750976562
821.0828247070312
750.3016967773438
756.0388793945312
717.5792846679688
689.50537109375
704.6212158203125
748.2546997070312
751.271240234375
734.7401123046875
676.91748046875
708.4713745117188
674.4249877929688
782.8477783203125
776.3449096679688
825.6397705078125
819.4705810546875
730.5216674804688
687.7305908203125
717.1091918945312
708.41259765625
601.55810546875
580.1177368164062
