93.52811431884766
39.83510971069336
40.1440544128418
40.009952545166016
39.252471923828125
38.84988021850586
38.78173828125
39.168914794921875
39.13850021362305
39.191768646240234
38.91538619995117
39.631778717041016
39.20669937133789
39.75993728637695
39.52488327026367
38.88441848754883
38.277217864990234
38.573486328125
39.0700798034668
39.347557067871094
38.861358642578125
37.756004333496094
39.46089172363281
39.286521911621094
40.03261184692383
39.469417572021484
40.229610443115234
39.137020111083984
39.44424057006836
38.67096710205078
39.432735443115234
39.58014678955078
40.39582061767578
38.5616455078125
39.70692825317383
40.267059326171875
39.354087829589844
39.578033447265625
39.36206817626953
40.04758834838867
40.4278678894043
40.98844909667969
39.511775970458984
39.5032844543457
40.961280822753906
41.441368103027344
40.77353286743164
42.61452865600586
43.18867492675781
40.59591293334961
40.9747428894043
41.99482345581055
42.916419982910156
41.29323959350586
44.37510299682617
43.4836540222168
57.2641487121582
43.16508865356445
54.038814544677734
49.833290100097656
53.9081916809082
101.93810272216797
61.99148178100586
58.0531120300293
62.7203254699707
75.00794219970703
90.85314178466797
69.711669921875
70.42545318603516
71.9193115234375
111.7114486694336
159.4859619140625
171.60403442382812
435.30810546875
331.4344787597656
146.03892517089844
654.4513549804688
1042.142822265625
1127.5250244140625
1111.3070068359375
1337.6318359375
1330.834716796875
607.4195556640625
554.1939086914062
390.1868591308594
708.0245361328125
1483.8636474609375
655.0604858398438
1381.0953369140625
1682.3193359375
1619.2252197265625
1657.37109375
543.5985107421875
512.7683715820312
316.4343566894531
323.60845947265625
1213.018798828125
1042.4893798828125
1453.85546875
3128.583984375
2521.368408203125
1933.591796875
2594.596435546875
2328.080322265625
1901.2568359375
2397.904052734375
2735.3017578125
2491.656005859375
2474.204833984375
2056.519287109375
1887.704345703125
2378.607177734375
2617.627197265625
1723.856689453125
1619.786376953125
1289.9908447265625
1778.2359619140625
2108.810546875
1769.6273193359375
1221.6197509765625
1400.3826904296875
1616.0435791015625
1731.7578125
1988.1318359375
1906.023681640625
1979.144775390625
1630.1842041015625
1566.965576171875
1720.0872802734375
1451.85302734375
1327.0203857421875
1984.029541015625
1637.2523193359375
1467.6483154296875
1289.3060302734375
1270.8719482421875
1435.4666748046875
1406.986328125
1645.25390625
1572.7479248046875
1294.7235107421875
1276.580078125
995.91162109375
1793.3648681640625
1358.7108154296875
1274.2303466796875
1679.7574462890625
1350.5634765625
1309.552734375
1294.7020263671875
1097.1107177734375
1207.49462890625
1142.314453125
1170.157958984375
1074.1851806640625
1110.255126953125
1435.904296875
1312.7012939453125
1062.6258544921875
1328.1331787109375
1416.61376953125
1253.329833984375
1040.2918701171875
1329.4102783203125
1184.0872802734375
1267.9847412109375
1188.6678466796875
1671.1385498046875
1178.10791015625
1196.3504638671875
1050.60546875
1226.2412109375
1336.1856689453125
1172.3045654296875
1171.101806640625
1220.2886962890625
1093.6724853515625
1451.0037841796875
1123.3939208984375
1223.8035888671875
1366.1214599609375
1452.443359375
1132.775390625
