112.2603530883789
55.85162353515625
53.23652267456055
44.40216064453125
48.26220703125
56.110008239746094
51.00713348388672
64.25638580322266
63.44084167480469
44.128440856933594
46.478275299072266
51.236167907714844
50.721763610839844
49.42097854614258
46.26880645751953
79.25325012207031
76.9459457397461
51.7559700012207
49.137123107910156
47.60392761230469
45.24913787841797
71.32540893554688
72.29589080810547
101.39497375488281
99.82670593261719
65.2464828491211
68.26522827148438
56.66672897338867
56.75835418701172
41.098060607910156
41.54240798950195
40.403621673583984
40.313316345214844
41.65814971923828
40.6471061706543
50.22187042236328
50.06668472290039
45.54083251953125
45.0330810546875
47.517303466796875
47.22887420654297
48.32059860229492
47.14509201049805
40.07817840576172
38.8538703918457
60.71204376220703
56.670745849609375
41.38295364379883
40.67934799194336
39.71525955200195
39.43695068359375
48.84298324584961
46.43590545654297
41.11152648925781
40.87872314453125
43.740745544433594
41.974449157714844
56.75501251220703
55.02949905395508
45.16145324707031
43.66181182861328
46.09013748168945
43.385154724121094
41.52941131591797
37.94871520996094
46.8106575012207
40.85221481323242
40.80860137939453
37.545902252197266
48.89147186279297
46.122291564941406
50.692237854003906
47.68518829345703
48.382877349853516
46.97594451904297
44.325382232666016
44.992591857910156
37.78654479980469
38.01642608642578
48.64670944213867
46.72047805786133
46.217010498046875
44.5781364440918
38.85324478149414
37.96300506591797
44.87297821044922
43.10841369628906
39.31837463378906
38.16270065307617
38.28938674926758
36.52622604370117
41.238651275634766
41.414695739746094
46.65119934082031
48.0535774230957
49.040443420410156
49.620208740234375
50.44054412841797
50.27021408081055
47.00348663330078
46.13043212890625
45.57236099243164
45.516937255859375
50.134761810302734
48.036346435546875
45.755462646484375
42.22611618041992
44.186431884765625
42.7063102722168
43.489501953125
38.90534210205078
41.45103454589844
38.887115478515625
53.03078842163086
49.212650299072266
46.56135177612305
45.50870895385742
47.582218170166016
45.07080078125
44.53240966796875
43.216949462890625
47.097835540771484
45.33860397338867
48.302913665771484
47.53446960449219
45.12278366088867
42.96596145629883
45.947933197021484
42.27129364013672
48.80023956298828
47.33711624145508
54.827049255371094
53.7204704284668
50.36482620239258
48.893882751464844
51.76809310913086
50.61069869995117
53.455291748046875
50.148399353027344
35.370643615722656
34.21207809448242
41.42482376098633
41.00731658935547
60.462955474853516
61.03818893432617
50.31251907348633
51.229225158691406
63.920005798339844
66.15098571777344
49.59983825683594
49.47887420654297
43.91191864013672
44.055362701416016
47.9846305847168
47.07215881347656
58.73677062988281
58.09987258911133
43.63677978515625
42.08295822143555
54.86561584472656
55.59856033325195
63.2231330871582
62.321617126464844
68.11481475830078
64.80130004882812
45.34770584106445
44.42921829223633
54.36286163330078
52.55303955078125
44.50967788696289
42.224525451660156
43.20869827270508
41.660614013671875
46.37261962890625
46.11215591430664
40.864654541015625
40.977935791015625
42.85259246826172
38.31806564331055
57.04913330078125
54.10637283325195
63.207332611083984
65.35829162597656
67.6614990234375
64.22283935546875
75.74264526367188
80.49796295166016
66.23089599609375
70.49575805664062
105.64326477050781
112.2603530883789
52.77735137939453
51.57884979248047
67.05608367919922
65.18272399902344
47.93299102783203
47.92594909667969
50.301639556884766
46.12369155883789
90.58114624023438
89.3718032836914
69.1626968383789
64.80142211914062
51.87246322631836
50.44948959350586
47.82582473754883
43.06068801879883
52.80412292480469
52.283935546875
37.509002685546875
36.105690002441406
39.64292526245117
38.78307342529297
41.32874298095703
40.083553314208984
54.2556037902832
51.36336898803711
54.207603454589844
51.53849792480469
39.01979064941406
37.25742721557617
50.14552688598633
48.48026657104492
54.25810241699219
51.86167907714844
52.70881271362305
51.9761848449707
42.33526611328125
41.652854919433594
47.53374481201172
45.45458984375
106.75932312011719
108.51890563964844
48.07748031616211
45.1359748840332
55.4599609375
53.85859680175781
62.295433044433594
59.905452728271484
55.71730041503906
56.31385040283203
50.12613296508789
49.546390533447266
47.62908172607422
47.318634033203125
62.439781188964844
58.85995864868164
44.87732696533203
43.62566375732422
54.10584259033203
51.65217590332031
49.37700653076172
46.6754150390625
45.12738037109375
43.258724212646484
51.396636962890625
49.61384201049805
63.79331588745117
60.68719482421875
92.0718994140625
91.26541137695312
70.50076293945312
68.806640625
63.13170623779297
61.41661834716797
78.87806701660156
87.57595825195312
61.19670867919922
59.17658615112305
60.34275817871094
61.20301055908203
59.01506042480469
57.8299674987793
52.007728576660156
52.356807708740234
51.85105514526367
54.58491897583008
47.861881256103516
45.03409194946289
42.694236755371094
40.99729919433594
40.56854248046875
38.09868621826172
42.5799560546875
40.77294158935547
85.07657623291016
89.69467163085938
85.8690414428711
86.66988372802734
88.56085205078125
89.73592376708984
81.12841033935547
85.46395111083984
55.84565353393555
56.04879379272461
67.0083999633789
63.76900100708008
79.96232604980469
79.27714538574219
66.466796875
66.39958953857422
57.47514343261719
56.86849594116211
57.68845748901367
55.65460968017578
66.26669311523438
67.66618347167969
55.22413635253906
55.76365661621094
56.68262481689453
56.10157775878906
68.81392669677734
70.92953491210938
59.232723236083984
56.592689514160156
55.317779541015625
54.58564758300781
82.61598205566406
81.2650146484375
57.90129852294922
56.441497802734375
50.201663970947266
49.1221809387207
47.558189392089844
49.88033676147461
64.75544738769531
64.57441711425781
68.42839813232422
70.97886657714844
64.6754379272461
66.38331604003906
95.22119903564453
94.76556396484375
75.2950668334961
75.37310028076172
109.41179656982422
109.64803314208984
72.69215393066406
72.92320251464844
76.6651611328125
81.32342529296875
46.9640007019043
47.621337890625
65.27102661132812
64.60292053222656
102.22560119628906
103.68727111816406
93.7678451538086
100.16329193115234
49.93533706665039
50.95002746582031
71.39646911621094
70.8812026977539
74.80682373046875
71.91569519042969
67.58043670654297
69.49849700927734
70.0251693725586
71.14716339111328
55.917911529541016
55.05034637451172
63.63703536987305
55.28221893310547
50.66444396972656
50.368438720703125
51.8694953918457
45.733036041259766
55.56066131591797
50.191253662109375
49.55087661743164
47.830467224121094
91.2767105102539
82.6212387084961
66.37516784667969
65.26934814453125
111.2322998046875
110.81745910644531
63.45179748535156
64.37721252441406
69.9654769897461
67.10057067871094
111.82733154296875
111.79822540283203
116.03704833984375
114.10359191894531
119.2452163696289
114.63202667236328
140.9508514404297
136.8106231689453
102.99298095703125
105.41336059570312
81.21739196777344
84.86882019042969
112.47065734863281
107.34170532226562
108.44065856933594
113.26177978515625
68.8424072265625
72.26986694335938
51.684104919433594
52.628395080566406
70.31575012207031
67.80854797363281
56.27773666381836
55.83668518066406
69.30416870117188
66.87651062011719
50.41636276245117
47.92702102661133
47.6855354309082
47.436737060546875
51.64585494995117
50.78828430175781
53.02405548095703
52.55076217651367
48.11489486694336
46.404788970947266
49.06427764892578
47.426170349121094
50.89140319824219
49.22611999511719
45.780235290527344
44.092674255371094
62.09672927856445
61.52336120605469
68.22248077392578
67.30115509033203
47.21628189086914
45.15949249267578
42.97385787963867
44.426700592041016
51.766197204589844
47.885101318359375
54.57633972167969
52.950992584228516
70.0113525390625
66.60935974121094
47.898658752441406
45.50956344604492
45.06190490722656
41.33656692504883
46.908226013183594
44.48088455200195
53.11247634887695
51.696632385253906
68.31404113769531
65.24906921386719
73.96578216552734
75.04898834228516
67.63983917236328
66.89523315429688
85.4240493774414
79.76885223388672
104.47695922851562
99.91130828857422
117.99534606933594
109.50653839111328
95.45502471923828
93.0125503540039
149.5116729736328
146.60958862304688
158.18589782714844
165.18035888671875
172.0091094970703
157.22959899902344
188.4930419921875
186.5562286376953
101.04576873779297
95.07701873779297
126.6694564819336
128.2542724609375
119.79529571533203
117.0866928100586
52.08480453491211
53.24903106689453
88.49089050292969
88.58699035644531
82.35169219970703
81.93749237060547
90.29532623291016
83.35357666015625
141.3566436767578
130.61288452148438
133.23324584960938
123.63103485107422
99.75393676757812
96.90296936035156
138.1951141357422
135.1603240966797
116.13361358642578
99.71891021728516
119.19064331054688
112.52661895751953
196.738037109375
196.2934112548828
190.54869079589844
185.06959533691406
169.15029907226562
169.17933654785156
169.88372802734375
164.88710021972656
292.1983337402344
286.05908203125
186.1796417236328
182.0836181640625
188.77838134765625
185.09652709960938
172.14340209960938
181.6622314453125
77.59211730957031
75.6716079711914
97.33907318115234
98.90971374511719
152.86119079589844
149.31251525878906
171.25660705566406
169.70774841308594
89.2732162475586
96.43075561523438
74.2928237915039
72.55575561523438
86.4473648071289
86.85760498046875
69.12967681884766
68.64463806152344
132.20220947265625
138.38526916503906
131.86602783203125
123.51033782958984
267.49066162109375
266.8244323730469
121.92391967773438
121.97769927978516
183.72848510742188
182.70269775390625
138.01622009277344
134.98785400390625
132.81915283203125
126.54686737060547
86.60015869140625
87.79749298095703
57.445980072021484
57.22310256958008
77.60516357421875
84.25263977050781
83.26371002197266
82.310546875
117.21729278564453
110.72797393798828
140.2266845703125
136.49000549316406
136.3186492919922
140.29598999023438
139.1416778564453
140.05722045898438
111.08594512939453
113.87574005126953
151.59426879882812
149.37179565429688
183.90419006347656
175.76393127441406
173.29937744140625
170.03468322753906
176.98434448242188
179.03770446777344
179.83535766601562
173.5113983154297
155.73846435546875
154.4174346923828
130.03225708007812
114.78455352783203
123.51235961914062
114.78475189208984
127.66453552246094
115.90809631347656
96.74436950683594
93.2900390625
135.85073852539062
134.02734375
77.49868774414062
77.72313690185547
65.0162124633789
61.0346565246582
58.848541259765625
54.048946380615234
56.54916763305664
52.75946807861328
55.90126419067383
55.626869201660156
114.17058563232422
114.1338119506836
100.15043640136719
99.97947692871094
140.65481567382812
137.6769256591797
