78.81431579589844
54.212528228759766
53.029022216796875
77.01983642578125
73.7224349975586
65.25454711914062
62.27911376953125
66.5625
66.67349243164062
68.55389404296875
65.88272857666016
61.02251434326172
59.67552185058594
72.94735717773438
74.36734008789062
60.63560104370117
61.15060806274414
51.43655014038086
49.63374328613281
75.62835693359375
76.12248229980469
64.38422393798828
68.21605682373047
72.6955337524414
71.65570068359375
68.00920104980469
71.38555908203125
48.99412155151367
48.98248291015625
50.0023078918457
49.02042007446289
64.64368438720703
64.96101379394531
50.493614196777344
49.515525817871094
49.804134368896484
49.57917404174805
55.994407653808594
58.45754623413086
48.99047088623047
47.89574432373047
49.58226776123047
49.7055778503418
46.36899185180664
43.58229064941406
39.31779479980469
37.53480529785156
51.345027923583984
50.90740203857422
47.547725677490234
48.029781341552734
39.40765380859375
39.35293197631836
39.41389846801758
40.71320343017578
43.89493179321289
43.52338409423828
41.935699462890625
41.106201171875
49.271446228027344
48.31584167480469
57.8223991394043
58.0494499206543
44.99332046508789
46.11064529418945
47.22661209106445
46.62826919555664
49.30491638183594
47.42817687988281
50.485164642333984
50.760807037353516
47.20171356201172
46.34513473510742
42.94562911987305
40.670047760009766
42.00456237792969
40.84697723388672
43.05118942260742
41.27771759033203
45.48733901977539
42.189857482910156
45.849159240722656
44.424888610839844
50.003509521484375
49.68434524536133
42.81794357299805
41.82851791381836
44.94922637939453
45.77043151855469
44.452125549316406
45.839149475097656
36.589908599853516
37.001766204833984
44.26152801513672
45.46242904663086
55.66991424560547
55.80892562866211
41.40278244018555
40.89027404785156
40.552032470703125
40.45757293701172
37.78274917602539
36.35078811645508
48.71379470825195
49.78392791748047
48.948463439941406
49.999168395996094
56.195091247558594
58.11772155761719
63.6932487487793
63.67768478393555
58.0993766784668
59.78413009643555
48.9293212890625
47.525108337402344
62.22800827026367
62.47891616821289
50.85099411010742
55.334320068359375
59.084716796875
58.43395233154297
76.46127319335938
78.81431579589844
49.37364959716797
50.83189392089844
52.78408432006836
52.554710388183594
40.87765121459961
40.39633560180664
38.00197219848633
39.07704544067383
55.76728820800781
53.25893783569336
53.210140228271484
52.23371887207031
45.710514068603516
43.80683517456055
55.29639434814453
51.605796813964844
58.45726013183594
57.286766052246094
48.939754486083984
51.07994079589844
40.82488250732422
40.227840423583984
45.616355895996094
44.15080642700195
47.570133209228516
46.75930404663086
50.71029281616211
53.383384704589844
47.21276092529297
46.11885070800781
45.76875305175781
45.05364990234375
46.795318603515625
46.753597259521484
50.56490707397461
48.00592041015625
47.64924240112305
49.139060974121094
44.82520294189453
41.10308074951172
57.658451080322266
53.8825798034668
46.69081115722656
45.613121032714844
39.76091003417969
38.19826126098633
40.728572845458984
39.90243148803711
49.184085845947266
49.5075569152832
51.41899108886719
50.29515838623047
58.80290985107422
58.425960540771484
45.45521545410156
42.78323745727539
41.91303634643555
41.48860168457031
53.3636360168457
51.38529586791992
43.214561462402344
44.36429977416992
46.65266799926758
46.468177795410156
44.94388198852539
44.59275817871094
39.859867095947266
38.30524444580078
37.94308090209961
36.86919021606445
46.989158630371094
47.1493034362793
41.500083923339844
41.41810607910156
41.74971008300781
42.471275329589844
54.1732292175293
52.82252502441406
38.06658172607422
36.083309173583984
46.869773864746094
44.2668571472168
46.36882400512695
46.753108978271484
46.13207244873047
45.33232879638672
55.63390350341797
55.624298095703125
60.805843353271484
57.12397003173828
63.26374816894531
64.14388275146484
52.897125244140625
52.723968505859375
49.09276580810547
46.987003326416016
45.14521408081055
44.09284973144531
40.877098083496094
40.81769943237305
43.6330680847168
42.46257400512695
46.02515411376953
42.84040069580078
47.570194244384766
43.552486419677734
48.698486328125
46.21565628051758
70.5747299194336
73.72979736328125
60.67729568481445
58.74046325683594
63.821266174316406
63.18203353881836
70.09342956542969
67.66483306884766
55.47249984741211
55.524417877197266
64.13670349121094
64.43684387207031
48.909950256347656
48.94297790527344
52.96071243286133
55.021610260009766
65.04963684082031
68.22509002685547
71.43701934814453
70.93170928955078
65.08536529541016
61.976600646972656
58.85779571533203
55.14037322998047
74.225830078125
71.79876708984375
51.47210693359375
48.86308670043945
55.28496551513672
55.51332092285156
59.92892837524414
58.18418502807617
64.02080535888672
63.11511993408203
64.73445892333984
63.79146957397461
61.941612243652344
62.46505355834961
70.2624282836914
71.298828125
70.84146118164062
72.28813934326172
71.51148223876953
70.9580307006836
69.49992370605469
67.32989501953125
53.42357635498047
53.786285400390625
45.50505828857422
45.77866744995117
55.92604446411133
54.96937942504883
70.70918273925781
68.76139831542969
77.02094268798828
79.5419692993164
83.90545654296875
86.29219055175781
96.01280975341797
94.87516021728516
102.5861587524414
103.0123291015625
83.67269134521484
84.83050537109375
69.47479248046875
70.96158599853516
57.45486068725586
56.91616439819336
57.82496643066406
58.46333694458008
49.34331130981445
46.84048843383789
48.08364486694336
45.11505126953125
43.632694244384766
41.64862823486328
46.503318786621094
43.671546936035156
43.82115936279297
42.90143585205078
44.40980529785156
42.97393035888672
44.48732376098633
43.89649963378906
43.84503173828125
42.46158218383789
47.916133880615234
47.331871032714844
60.12881851196289
58.84452819824219
65.91771697998047
65.37344360351562
51.86661148071289
52.94816207885742
49.45624923706055
49.24916458129883
61.192649841308594
60.9169921875
60.913978576660156
60.24830627441406
55.3881950378418
55.93886947631836
63.004791259765625
61.930660247802734
47.8597297668457
47.39036560058594
64.61848449707031
64.89679718017578
63.92631912231445
66.00434112548828
88.12068176269531
87.42032623291016
70.62748718261719
68.22591400146484
62.944557189941406
64.87641143798828
61.66864013671875
60.92226791381836
64.18387603759766
61.97526550292969
65.94352722167969
61.80912780761719
67.73291015625
63.144813537597656
64.55219268798828
61.32081985473633
84.0468978881836
83.11714172363281
56.82865905761719
55.57060241699219
63.066162109375
61.279842376708984
62.563961029052734
60.16340637207031
67.72030639648438
63.94418716430664
61.061614990234375
59.57182693481445
63.68584060668945
61.67247009277344
60.69568634033203
60.383323669433594
53.223628997802734
51.86450958251953
57.579471588134766
56.56529235839844
61.62999725341797
60.4192008972168
62.115081787109375
62.006011962890625
57.682762145996094
57.896446228027344
51.407737731933594
49.36505126953125
65.21124267578125
62.47318649291992
57.14387893676758
55.16849899291992
74.53985595703125
74.5633773803711
71.12281799316406
69.6670150756836
73.2553939819336
74.37557220458984
55.08135986328125
54.02213668823242
42.4317512512207
41.88372802734375
61.49380874633789
60.81214904785156
56.25785827636719
55.010536193847656
70.720703125
70.89400482177734
72.6246566772461
76.50900268554688
71.03782653808594
74.10428619384766
67.19052124023438
69.02783966064453
67.0846176147461
68.09649658203125
71.5048599243164
71.11942291259766
54.0287971496582
52.222965240478516
67.82720947265625
65.69385528564453
59.78023147583008
58.8953971862793
51.99901580810547
51.507568359375
53.847312927246094
52.47368621826172
51.3751335144043
49.58833312988281
55.11088943481445
54.28974914550781
58.4160270690918
58.004364013671875
53.059600830078125
52.806480407714844
50.40985870361328
54.74263381958008
44.69145965576172
46.538795471191406
49.11530685424805
50.0120849609375
53.85062789916992
55.64872360229492
54.81196594238281
53.67206573486328
52.78542709350586
51.97193908691406
57.57769775390625
57.72287368774414
54.27330017089844
51.724308013916016
54.598052978515625
55.43741226196289
54.72228240966797
53.07402801513672
58.6848258972168
58.64806365966797
60.03893280029297
60.76202392578125
56.034454345703125
56.25674057006836
55.375511169433594
54.26631546020508
51.67097854614258
46.39466857910156
64.36532592773438
64.04496765136719
60.944618225097656
59.585205078125
53.61308670043945
51.060787200927734
57.69050979614258
54.56369400024414
59.24230194091797
58.42678451538086
59.83082580566406
58.947330474853516
56.50997543334961
54.935325622558594
53.70988845825195
51.85728454589844
53.519832611083984
53.03672790527344
53.94900131225586
52.13026809692383
47.19917678833008
45.63035202026367
51.43553924560547
47.63872528076172
52.776607513427734
48.330284118652344
53.44865798950195
51.93494415283203
56.92546844482422
54.57909393310547
81.98993682861328
83.29830932617188
115.30260467529297
111.89717102050781
68.0269546508789
66.98114776611328
72.8355484008789
75.21182250976562
93.58785247802734
88.2845458984375
112.92448425292969
106.3481674194336
128.0420379638672
126.52281951904297
105.80329895019531
105.40980529785156
68.95970153808594
67.40521240234375
53.27003479003906
51.55080032348633
64.73994445800781
57.4071044921875
71.36373901367188
63.08694839477539
62.196800231933594
61.20525360107422
59.205326080322266
58.539608001708984
62.65489959716797
61.59105682373047
60.89699935913086
59.22254180908203
83.15157318115234
81.22431182861328
65.11128234863281
62.586387634277344
66.95138549804688
65.07782745361328
70.76513671875
67.84255981445312
95.46542358398438
97.54962921142578
89.05972290039062
86.49718475341797
96.34220886230469
96.67586517333984
86.73139190673828
84.26412200927734
75.05438232421875
75.5916519165039
82.96988677978516
83.44131469726562
76.32991790771484
76.33667755126953
85.37727355957031
85.25414276123047
70.28975677490234
69.9870834350586
76.51171875
75.43881225585938
50.61634063720703
57.595611572265625
68.43497467041016
65.8405532836914
65.6948471069336
63.11094665527344
95.11286163330078
96.8610610961914
65.98699951171875
66.55602264404297
71.7452392578125
70.44944763183594
58.487728118896484
56.72124099731445
63.62491226196289
60.98078918457031
77.841064453125
74.89451599121094
95.41077423095703
94.13771057128906
84.26382446289062
80.30696105957031
90.22543334960938
94.96066284179688
74.32035064697266
73.8969497680664
57.023502349853516
57.314979553222656
67.111572265625
65.93205261230469
52.79916000366211
50.329349517822266
67.80392456054688
67.29122924804688
84.05663299560547
82.45284271240234
106.88581848144531
103.56071472167969
65.73069763183594
64.32108306884766
62.03657913208008
61.12258529663086
58.499603271484375
58.55685806274414
57.6325798034668
57.30306625366211
57.887664794921875
58.27130126953125
71.5518798828125
71.21582794189453
81.6855697631836
78.85591888427734
108.30033111572266
105.85885620117188
89.26427459716797
88.76087188720703
94.64637756347656
92.7834243774414
76.50540161132812
75.66014862060547
79.89459991455078
79.64517974853516
109.5685806274414
108.53436279296875
72.50212860107422
71.26033020019531
60.09089279174805
67.51697540283203
83.01874542236328
79.73490142822266
55.51807403564453
57.93465805053711
79.35987091064453
74.83355712890625
63.97506332397461
63.84776306152344
58.18689727783203
55.76715850830078
69.99726104736328
68.26416015625
86.21736145019531
82.05796813964844
58.35597610473633
57.78764343261719
59.86867904663086
59.380313873291016
68.50605773925781
65.8886947631836
77.18885040283203
77.36376190185547
75.60858154296875
70.6313705444336
