80.57614135742188
58.58388137817383
60.3619499206543
55.455204010009766
56.14020538330078
56.644168853759766
55.98182678222656
50.408233642578125
50.659271240234375
78.68368530273438
80.57614135742188
53.2809944152832
54.096885681152344
61.281402587890625
62.725677490234375
59.0909309387207
58.19369888305664
57.47305679321289
58.390472412109375
41.08722686767578
41.147308349609375
50.28033447265625
49.51563262939453
43.06010055541992
42.50101089477539
45.27531433105469
45.25251007080078
51.97615432739258
51.562557220458984
45.073585510253906
45.265228271484375
42.229007720947266
41.69257354736328
43.6182975769043
42.46172332763672
41.154964447021484
40.11549758911133
41.01897430419922
39.80131530761719
45.696006774902344
45.06765365600586
43.143001556396484
42.80888366699219
46.07242202758789
45.65745544433594
69.27088165283203
68.42056274414062
63.403656005859375
59.38087844848633
53.73659896850586
51.61863327026367
51.40758514404297
51.04684829711914
40.19668960571289
38.39371871948242
43.07710647583008
41.90321731567383
44.23343276977539
44.00285339355469
45.088802337646484
43.51030731201172
47.91399383544922
48.059844970703125
46.04132080078125
44.90705490112305
43.37470626831055
42.16817092895508
40.119834899902344
40.25569534301758
42.15849685668945
42.17585754394531
44.72835922241211
45.50043869018555
57.5285758972168
55.385467529296875
49.862422943115234
51.76689529418945
50.9936408996582
53.152305603027344
86.86421203613281
86.36599731445312
92.19303131103516
87.91104125976562
73.432861328125
72.33110809326172
105.28195190429688
103.63224792480469
81.17999267578125
79.24703979492188
50.36043930053711
54.09946060180664
53.41147994995117
52.51408767700195
50.0883903503418
50.381263732910156
61.89271926879883
60.100406646728516
44.36928176879883
47.684959411621094
43.50562286376953
46.314781188964844
46.72120666503906
51.3674430847168
48.390380859375
51.092979431152344
46.42656707763672
47.978397369384766
47.178382873535156
47.04475021362305
48.55353546142578
49.12449645996094
48.99991989135742
49.16547775268555
47.85243225097656
49.294918060302734
47.49424362182617
50.57132339477539
