112.45767974853516
50.21347427368164
47.79233169555664
64.55335998535156
65.7330322265625
69.17071533203125
70.1524658203125
55.05809783935547
57.787410736083984
46.41325759887695
42.97442626953125
46.13736343383789
40.148162841796875
44.61471939086914
40.908294677734375
43.75017166137695
41.264617919921875
47.17835235595703
48.0323371887207
40.703189849853516
39.42779541015625
44.39185333251953
41.84193801879883
43.128570556640625
39.917564392089844
53.82117462158203
54.219520568847656
49.94774627685547
48.533653259277344
54.72610092163086
60.212318420410156
48.25941848754883
47.1645622253418
53.423465728759766
51.52468490600586
49.99994659423828
48.415706634521484
53.73192596435547
52.390960693359375
48.973690032958984
42.86051940917969
49.01862716674805
43.061767578125
49.00775146484375
50.270084381103516
55.86194610595703
53.037864685058594
67.47876739501953
68.59845733642578
54.39384460449219
54.75936508178711
61.179176330566406
60.076534271240234
81.87407684326172
79.9783935546875
60.737884521484375
60.045780181884766
56.0412483215332
56.37248992919922
63.586612701416016
66.08541870117188
76.96880340576172
81.02381896972656
53.256752014160156
50.19915008544922
50.334251403808594
48.915687561035156
41.685516357421875
42.47356414794922
38.04173278808594
37.35744857788086
42.251670837402344
36.54683303833008
42.680179595947266
36.81601333618164
41.28447723388672
36.38580322265625
42.068607330322266
37.15935516357422
41.8699951171875
36.86248779296875
39.354766845703125
35.26388168334961
40.732391357421875
36.0463752746582
41.82696533203125
36.48569107055664
41.026004791259766
35.71639633178711
40.317909240722656
35.56515884399414
41.51711654663086
36.71794891357422
41.17163848876953
37.11177444458008
41.510536193847656
37.64140319824219
41.33030319213867
36.775115966796875
39.66486740112305
35.9938850402832
41.289974212646484
37.650245666503906
42.76229476928711
38.29024124145508
41.14240646362305
36.020565032958984
40.00076675415039
35.13493728637695
41.55792236328125
36.75314712524414
41.588096618652344
36.226234436035156
42.73088455200195
37.20939636230469
43.00543975830078
37.885215759277344
44.61500549316406
38.65506362915039
44.21845626831055
38.567073822021484
43.21913528442383
38.17894744873047
40.983219146728516
36.68098831176758
39.410945892333984
35.11800003051758
40.2718620300293
35.65343475341797
41.04751968383789
36.27330017089844
39.40826416015625
34.926456451416016
37.863346099853516
34.396812438964844
37.197105407714844
33.39306640625
38.97808837890625
34.379005432128906
41.016239166259766
36.164337158203125
41.5117301940918
36.20452880859375
41.323463439941406
36.63684844970703
40.95302200317383
36.40518569946289
40.106014251708984
35.574249267578125
39.20315933227539
34.710269927978516
59.78813171386719
64.71741485595703
60.06523513793945
59.87956237792969
69.85617065429688
72.34379577636719
67.78133392333984
70.11431884765625
49.64649200439453
48.50233459472656
51.8187370300293
51.623558044433594
63.064292907714844
62.77058029174805
60.57654571533203
60.3618278503418
64.94618225097656
66.42249298095703
60.550262451171875
58.328922271728516
57.228729248046875
57.84856033325195
54.61982345581055
54.216548919677734
59.0144157409668
61.55961608886719
50.307376861572266
50.09047317504883
58.67764663696289
55.275150299072266
57.450321197509766
54.752235412597656
64.13811492919922
62.36018753051758
57.236995697021484
56.38349533081055
61.22109603881836
59.03874588012695
57.92852783203125
54.2335319519043
53.51853942871094
50.19818115234375
64.6585464477539
61.73664855957031
46.80637741088867
46.43996047973633
60.47832107543945
61.32244873046875
67.18495178222656
72.02918243408203
97.94212341308594
101.20580291748047
73.09973907470703
79.42581176757812
66.53416442871094
69.19960021972656
62.43267822265625
65.03600311279297
75.39696502685547
83.45160675048828
61.10910415649414
64.09400939941406
71.77327728271484
71.69998931884766
66.20108795166016
66.67169952392578
60.4099235534668
60.13887023925781
50.34379196166992
49.97902297973633
62.18663787841797
61.88129806518555
51.648197174072266
50.16350555419922
57.502960205078125
56.53135681152344
64.65039825439453
61.53685760498047
62.79133224487305
62.04716110229492
60.66627883911133
60.441490173339844
78.31251525878906
76.18278503417969
64.97283172607422
62.81208419799805
53.885562896728516
49.948036193847656
61.51055145263672
55.73178482055664
56.56028747558594
50.60402297973633
58.488975524902344
60.34423828125
46.030723571777344
43.15070343017578
44.96236801147461
45.2252197265625
52.515560150146484
53.4989013671875
46.183773040771484
46.029014587402344
49.18327713012695
44.12044906616211
47.9146728515625
40.954742431640625
45.76322555541992
44.306251525878906
45.489112854003906
45.47859191894531
43.63370132446289
43.3644905090332
49.0268669128418
47.917701721191406
46.003562927246094
42.132572174072266
44.57768249511719
42.113922119140625
42.28105926513672
39.170143127441406
55.538429260253906
55.454322814941406
46.76959991455078
44.773292541503906
49.66331481933594
47.582977294921875
50.39388656616211
50.54204177856445
54.974674224853516
55.51108169555664
50.81251907348633
49.73923110961914
54.537010192871094
53.62404251098633
54.900611877441406
53.51758575439453
57.28695297241211
56.710655212402344
53.542022705078125
52.8756217956543
47.58756637573242
46.29389190673828
52.481266021728516
50.82614517211914
52.672786712646484
53.02171325683594
54.454124450683594
55.223350524902344
54.55158233642578
53.08389663696289
63.75621795654297
62.96695327758789
46.734737396240234
44.52062225341797
47.02925491333008
45.67728805541992
55.537776947021484
54.53942108154297
55.187286376953125
52.75992965698242
57.674766540527344
57.01942443847656
43.92896270751953
42.851890563964844
51.0648078918457
52.21632385253906
51.24449920654297
51.98820877075195
53.603633880615234
53.09959411621094
48.226810455322266
47.4598503112793
53.52312469482422
54.960235595703125
57.66359329223633
56.116546630859375
74.49702453613281
75.36190032958984
64.05561065673828
64.00282287597656
54.036617279052734
53.29426956176758
46.191524505615234
47.427608489990234
54.172950744628906
56.14094543457031
79.2496566772461
80.57121276855469
57.19722366333008
60.32346725463867
61.55720901489258
67.32805633544922
44.288597106933594
45.00077819824219
39.520423889160156
36.941829681396484
38.74973678588867
34.878604888916016
38.2653923034668
35.85499572753906
40.279842376708984
36.17455291748047
41.43570327758789
36.31991958618164
63.149593353271484
62.56492233276367
41.00072479248047
39.603179931640625
37.179019927978516
35.691368103027344
37.0964241027832
35.71747970581055
36.8673095703125
34.97834396362305
39.389549255371094
38.32862854003906
39.13322448730469
38.94550704956055
43.69914245605469
43.46064376831055
55.6845703125
55.328311920166016
72.72791290283203
73.80424499511719
52.583553314208984
55.11122512817383
70.13388061523438
73.28852081298828
65.5389404296875
66.72775268554688
75.88862609863281
76.67901611328125
77.08293914794922
77.40576934814453
54.66851043701172
55.51016616821289
56.34254837036133
56.459617614746094
56.895164489746094
55.68228530883789
54.79514694213867
58.88720703125
62.67377853393555
67.20462036132812
53.581111907958984
55.969539642333984
51.884193420410156
46.82090759277344
52.91905975341797
52.613189697265625
53.92810821533203
49.23004913330078
51.41200256347656
50.5267333984375
55.110626220703125
54.474945068359375
100.98007202148438
104.69940948486328
52.35420227050781
50.22894287109375
51.81352996826172
46.81464385986328
82.83235931396484
84.75069427490234
56.038639068603516
54.907737731933594
58.87216567993164
58.70503234863281
56.495391845703125
58.279823303222656
67.0660171508789
70.5834732055664
61.723350524902344
64.12028503417969
56.07257080078125
55.2706413269043
50.39424514770508
49.77886962890625
70.67070007324219
73.91002655029297
55.15361785888672
54.5927734375
51.31169128417969
53.829280853271484
61.77773666381836
66.96884155273438
55.8508415222168
57.91012954711914
67.17493438720703
70.53079986572266
75.6220932006836
76.93248748779297
70.140625
70.13163757324219
78.9561538696289
81.81245422363281
87.43209838867188
88.01136016845703
112.45767974853516
109.71649169921875
101.59214782714844
105.30811309814453
90.53746032714844
95.67554473876953
77.45892333984375
78.19009399414062
70.5382308959961
71.43103790283203
79.51182556152344
83.40647888183594
65.97298431396484
70.01830291748047
81.41732788085938
80.47364044189453
70.5378189086914
70.6717300415039
122.1097412109375
122.99665832519531
91.33625793457031
93.93317413330078
106.81117248535156
99.12232208251953
82.95206451416016
83.81477355957031
82.22979736328125
79.78742218017578
81.3509292602539
79.48654174804688
75.36969757080078
75.10066223144531
76.43228912353516
77.31915283203125
75.23099517822266
76.86688995361328
76.80728149414062
77.78279876708984
75.20496368408203
75.81172180175781
71.5177001953125
72.296630859375
73.15702819824219
74.17533874511719
79.15428924560547
81.74132537841797
103.48307800292969
104.34037017822266
96.81282043457031
98.61395263671875
82.22962188720703
81.99681854248047
79.27692413330078
78.20287322998047
87.89835357666016
84.6732406616211
70.46251678466797
74.2840576171875
94.9547348022461
99.4781494140625
85.31429290771484
81.41227722167969
97.599853515625
98.25875854492188
75.86492156982422
76.55919647216797
93.41447448730469
92.3136215209961
72.55802917480469
73.4410400390625
73.96483612060547
77.06180572509766
80.352294921875
81.6949234008789
78.50850677490234
77.9666519165039
64.03861236572266
62.893310546875
85.90371704101562
83.96905517578125
82.89337921142578
83.47201538085938
52.72809600830078
50.416568756103516
50.281349182128906
51.08561706542969
58.59999084472656
57.50490951538086
66.7321548461914
65.36578369140625
69.65605926513672
66.38373565673828
67.51563262939453
68.46595764160156
66.4725112915039
64.78043365478516
76.3492660522461
74.2292251586914
49.53243637084961
51.289024353027344
53.34040069580078
54.11884307861328
58.81128692626953
56.12251663208008
48.72557830810547
47.291786193847656
68.99560546875
69.26063537597656
58.38374710083008
58.24831008911133
62.81454849243164
63.50324249267578
65.06324768066406
64.37539672851562
42.48283004760742
40.91550064086914
46.95549774169922
44.396480560302734
53.94259262084961
47.774566650390625
54.80827331542969
47.4038200378418
53.39454650878906
45.4097785949707
56.55387878417969
47.581600189208984
57.228248596191406
48.767154693603516
54.69512939453125
51.25003433227539
49.99161911010742
45.25321578979492
58.6088752746582
53.512351989746094
59.69040298461914
53.71436309814453
55.5048828125
52.574073791503906
61.20940017700195
57.31068801879883
76.3798828125
78.10323333740234
70.0134506225586
70.17463684082031
77.33073425292969
76.86585235595703
50.79100036621094
50.32706069946289
52.72401809692383
52.6163330078125
47.22878646850586
45.55936813354492
58.62484359741211
56.20138168334961
58.4636116027832
55.7603645324707
48.72174835205078
48.32434844970703
46.01230239868164
44.72814178466797
129.55462646484375
127.72116088867188
112.91776275634766
110.75300598144531
81.47445678710938
80.82391357421875
139.35633850097656
135.84979248046875
91.55677795410156
93.2680892944336
76.47328186035156
90.79518127441406
77.78104400634766
80.18158721923828
66.1775894165039
65.34547424316406
78.94499206542969
78.45713806152344
69.0941390991211
65.85514831542969
65.2227783203125
64.89617919921875
56.0050048828125
56.4355583190918
56.152286529541016
55.51890182495117
76.60214233398438
76.24069213867188
66.83672332763672
69.22161102294922
59.20860290527344
57.04627227783203
62.66593933105469
62.66187286376953
69.64524841308594
71.51190185546875
68.9553451538086
70.77742004394531
72.10336303710938
73.82650756835938
74.36792755126953
75.78846740722656
58.775062561035156
60.611019134521484
62.55311584472656
64.62763977050781
67.21839904785156
68.3514175415039
66.67933654785156
69.14938354492188
55.137508392333984
56.11726760864258
59.05052947998047
60.58049392700195
59.731136322021484
60.84868240356445
55.31893539428711
56.50407409667969
59.84952163696289
57.56324768066406
61.89058303833008
60.785682678222656
65.41541290283203
64.8927993774414
81.01779174804688
78.92191314697266
59.38397979736328
60.810604095458984
54.0395393371582
55.037635803222656
60.658836364746094
59.57638931274414
59.4578742980957
57.7655143737793
52.256011962890625
52.732696533203125
57.0391845703125
55.492130279541016
74.49705505371094
72.59894561767578
87.13341522216797
87.52023315429688
59.42133712768555
61.082115173339844
60.934993743896484
61.29987716674805
60.095611572265625
62.433563232421875
71.77255249023438
72.94576263427734
58.848609924316406
61.53036880493164
64.52705383300781
65.1553955078125
61.29349136352539
61.765560150146484
60.69803237915039
62.927162170410156
62.54048538208008
64.19402313232422
77.82695770263672
85.6134033203125
68.39764404296875
72.1213607788086
78.89881896972656
83.41505432128906
98.58956146240234
108.87178802490234
78.83851623535156
79.26947784423828
75.02147674560547
72.86638641357422
85.66363525390625
88.85640716552734
123.82975769042969
140.48187255859375
63.24604797363281
63.62116241455078
95.06890869140625
94.72744750976562
59.584224700927734
60.41382598876953
82.61605072021484
84.301513671875
70.7161636352539
73.73997497558594
75.68565368652344
74.84782409667969
59.119808197021484
59.822357177734375
69.10399627685547
68.44761657714844
73.57518768310547
71.06806945800781
67.29768371582031
65.7704849243164
69.73245239257812
70.67889404296875
82.00529479980469
84.40412139892578
77.24251556396484
75.197509765625
84.42304992675781
86.25170135498047
76.79952239990234
79.86419677734375
59.909175872802734
58.73453140258789
97.2725601196289
96.8967514038086
108.00868225097656
104.87902069091797
89.14431762695312
87.46481323242188
115.39318084716797
118.04158782958984
89.60845184326172
94.57182312011719
95.39398956298828
101.1711654663086
77.96138763427734
76.49736022949219
60.69773864746094
60.01467514038086
59.697853088378906
58.17148971557617
54.53826141357422
52.5485725402832
76.30347442626953
77.77476501464844
54.9920654296875
54.08975601196289
54.05732345581055
53.111427307128906
52.50479507446289
52.12543487548828
49.946868896484375
49.145721435546875
48.28661346435547
47.65782928466797
51.62260055541992
50.56174850463867
47.268348693847656
46.23460388183594
50.03580093383789
51.706146240234375
83.32219696044922
88.0320053100586
99.07311248779297
101.55484771728516
73.72171783447266
74.02670288085938
71.0639877319336
70.06533813476562
68.54228973388672
71.53046417236328
87.34297943115234
92.80902099609375
75.86724090576172
78.93367004394531
62.94078826904297
62.90983581542969
60.76144790649414
59.765846252441406
55.720272064208984
55.263038635253906
64.61038970947266
67.51676177978516
82.87774658203125
84.47572326660156
72.83731079101562
74.84193420410156
106.50244140625
105.91417694091797
85.80303192138672
86.64034271240234
100.09709930419922
102.61115264892578
206.78948974609375
233.4322052001953
58.25840759277344
59.39501953125
66.83109283447266
70.8024673461914
47.176910400390625
47.12948226928711
65.61675262451172
66.5027084350586
114.15072631835938
114.859130859375
100.42874145507812
102.04763793945312
42.44514083862305
37.313499450683594
42.65333938598633
37.73359680175781
44.80476760864258
38.523536682128906
51.50435256958008
52.19425582885742
42.5472526550293
39.396907806396484
45.6024169921875
44.21464920043945
67.32533264160156
65.1917953491211
123.1999282836914
123.23409271240234
70.73845672607422
69.29235076904297
50.640743255615234
50.08006286621094
44.42173767089844
39.59455490112305
48.64337921142578
44.87081527709961
46.774559020996094
43.225826263427734
42.79220962524414
39.10157775878906
44.29961013793945
40.34735107421875
42.63031005859375
37.25428009033203
40.311744689941406
35.622623443603516
42.52778625488281
37.25156784057617
42.21556091308594
36.61741638183594
38.41123962402344
35.730857849121094
46.63475036621094
43.02849578857422
61.621803283691406
65.23063659667969
62.29869079589844
63.770084381103516
53.43616485595703
53.543724060058594
55.46522903442383
55.183929443359375
55.847904205322266
56.26327133178711
37.74574661254883
34.178504943847656
39.81758117675781
35.566993713378906
39.20990753173828
35.13500213623047
39.51284408569336
35.6270751953125
40.97048568725586
36.3682746887207
40.11024475097656
35.436431884765625
39.24272155761719
35.154117584228516
43.02490997314453
40.21253204345703
38.22453689575195
35.560970306396484
36.727787017822266
33.7285270690918
38.63594436645508
35.55078125
37.56853103637695
34.493961334228516
38.28319549560547
34.679080963134766
37.933109283447266
36.46440887451172
41.83038330078125
38.48586654663086
39.77957534790039
36.9580078125
39.41243362426758
35.265716552734375
39.166812896728516
34.96178436279297
38.603553771972656
35.00463104248047
38.63020324707031
34.94685745239258
40.75766372680664
36.96516418457031
39.76118087768555
36.85957717895508
42.702423095703125
39.184322357177734
41.54450225830078
36.94361114501953
40.990074157714844
38.92402648925781
38.97220993041992
37.53466033935547
40.5798225402832
35.82561111450195
43.4852294921875
37.73175048828125
42.90220260620117
39.3629150390625
47.66386032104492
45.77008819580078
67.99893188476562
70.57035064697266
63.26426696777344
62.332210540771484
50.5972785949707
48.413936614990234
53.51570510864258
52.43893051147461
58.22747039794922
59.89531326293945
57.5119514465332
56.83306884765625
55.2554817199707
57.642112731933594
54.33650207519531
54.00474166870117
74.7284927368164
76.88912963867188
65.59516906738281
68.07034301757812
85.17792510986328
86.40736389160156
75.29065704345703
72.30029296875
89.4480209350586
90.17265319824219
64.69549560546875
65.73539733886719
72.99008178710938
71.45228576660156
55.87602233886719
55.96617126464844
68.13236999511719
68.97038269042969
52.710201263427734
52.9322624206543
52.708187103271484
49.75778579711914
51.630916595458984
49.39038848876953
47.85419845581055
44.4262580871582
56.30927276611328
57.32308578491211
47.8001823425293
44.00388717651367
49.67586135864258
45.5763053894043
51.045475006103516
47.01511001586914
48.4827995300293
43.061439514160156
51.41123962402344
51.87276077270508
57.788185119628906
58.8289680480957
58.62566375732422
57.705810546875
54.4752197265625
50.894203186035156
55.544769287109375
54.083011627197266
50.777610778808594
50.515201568603516
59.026668548583984
59.6251220703125
70.22132110595703
72.12622833251953
75.16964721679688
76.23139190673828
75.78347778320312
76.53231048583984
83.0880355834961
84.35124206542969
66.53985595703125
65.2710952758789
54.018035888671875
54.14586639404297
58.86851501464844
57.54332733154297
57.699642181396484
56.58932113647461
54.159996032714844
55.25934982299805
62.34028625488281
63.70118713378906
64.58134460449219
66.17626190185547
68.25678253173828
68.27320098876953
52.648895263671875
51.10078048706055
52.873531341552734
50.93804931640625
52.471229553222656
47.33552551269531
62.29624938964844
60.557247161865234
70.24202728271484
71.48106384277344
51.49515151977539
49.55128860473633
53.20194625854492
51.189022064208984
50.76463317871094
48.41267395019531
51.38298416137695
50.99291229248047
48.72125244140625
44.72649002075195
48.59776306152344
47.349327087402344
49.78931427001953
44.458824157714844
53.39567947387695
51.586856842041016
52.563053131103516
51.753173828125
49.23347091674805
47.69365692138672
53.853145599365234
54.00675964355469
58.54060363769531
58.33530044555664
64.24356079101562
64.12354278564453
70.27279663085938
64.638916015625
59.20402145385742
58.837677001953125
52.444217681884766
52.535858154296875
60.037986755371094
57.84227752685547
61.62919616699219
61.09699249267578
59.88702392578125
59.82118606567383
64.29996490478516
63.77836608886719
89.95977020263672
91.11949920654297
86.08766174316406
89.60749816894531
63.10930252075195
64.1726303100586
64.70552062988281
63.31543731689453
87.94361114501953
89.55586242675781
78.17405700683594
82.28324127197266
58.011207580566406
59.04567337036133
72.09968566894531
70.37518310546875
63.502838134765625
64.3580551147461
71.16837310791016
72.11448669433594
63.29313659667969
65.47555541992188
64.39318084716797
67.64320373535156
68.15579986572266
68.49923706054688
66.56478881835938
62.82990646362305
61.447486877441406
58.210750579833984
63.18410110473633
64.8281021118164
