99.52983856201172
55.6087760925293
58.890350341796875
55.03493118286133
59.796478271484375
56.964595794677734
59.54214859008789
65.79006958007812
68.8052978515625
57.86128616333008
61.4454460144043
55.58176803588867
57.58317565917969
54.38829040527344
57.966312408447266
52.59443283081055
54.530845642089844
52.432098388671875
55.32088088989258
49.903995513916016
51.57579040527344
81.68809509277344
81.34339904785156
69.6344985961914
69.59795379638672
52.606292724609375
55.980098724365234
58.33497619628906
60.651344299316406
61.146915435791016
61.09375762939453
52.0634880065918
53.615318298339844
69.01129150390625
68.03472900390625
61.44343948364258
60.31277084350586
51.177799224853516
51.369049072265625
93.92823791503906
99.52983856201172
68.68547821044922
69.18984985351562
50.89769744873047
52.16136932373047
53.435813903808594
51.994178771972656
54.889442443847656
54.0744743347168
60.72932434082031
61.190216064453125
55.61396026611328
56.655643463134766
58.97719955444336
59.76987838745117
57.734989166259766
57.764278411865234
55.55379104614258
55.05923843383789
54.253204345703125
54.09491729736328
64.41474151611328
66.4894790649414
59.65724563598633
60.185672760009766
62.1761474609375
63.13575744628906
56.250244140625
55.78144073486328
68.8740234375
69.33336639404297
76.6684799194336
78.64997100830078
56.23495101928711
55.85711669921875
63.060035705566406
62.00035095214844
46.08174133300781
45.514976501464844
40.81425476074219
38.268070220947266
40.19736099243164
37.968345642089844
40.916847229003906
38.80499267578125
42.25009536743164
40.378273010253906
40.209129333496094
39.638938903808594
40.50652313232422
38.15293884277344
42.54861831665039
40.6435432434082
42.73012161254883
41.02466583251953
42.00214767456055
39.841697692871094
40.60435485839844
38.07469940185547
39.404624938964844
36.782588958740234
39.27301788330078
36.54924392700195
39.23793029785156
36.732086181640625
40.22895431518555
37.141273498535156
41.73826217651367
38.72502517700195
40.865074157714844
37.450443267822266
40.87846374511719
37.845298767089844
41.32235336303711
38.19453048706055
40.478023529052734
37.692466735839844
40.66794204711914
36.883209228515625
41.60197067260742
37.9852294921875
41.240291595458984
38.20725631713867
42.090919494628906
39.533851623535156
41.097198486328125
37.376773834228516
39.9247932434082
37.319732666015625
40.252960205078125
37.16664123535156
39.6773681640625
36.712501525878906
40.74758529663086
36.6910514831543
40.3806037902832
36.801788330078125
42.47365188598633
40.67423629760742
40.53915786743164
37.735443115234375
39.786991119384766
37.22333908081055
44.257301330566406
45.733863830566406
42.13533401489258
39.851707458496094
44.50920867919922
45.761844635009766
46.66038513183594
46.286285400390625
42.963382720947266
39.354835510253906
40.71762466430664
37.67815399169922
42.98329544067383
39.88905334472656
43.28013610839844
40.79917907714844
43.231048583984375
40.65479278564453
43.73739242553711
41.21499252319336
44.44867706298828
41.69795227050781
54.70425033569336
58.1938362121582
44.56982421875
41.25316619873047
44.023956298828125
47.93659973144531
46.735164642333984
44.83264923095703
43.69419860839844
40.86693572998047
43.18634796142578
40.3067626953125
43.91423416137695
41.032066345214844
45.130165100097656
42.13392639160156
45.080074310302734
41.80211639404297
44.630157470703125
41.568241119384766
45.11921691894531
41.88880920410156
44.3516731262207
42.03245544433594
44.64653396606445
42.657413482666016
41.99209976196289
39.10676956176758
42.18645095825195
39.25094985961914
41.08016586303711
38.916561126708984
40.21915817260742
38.59012985229492
40.12110137939453
38.47698974609375
40.488975524902344
37.72793197631836
41.953857421875
37.9973030090332
42.849605560302734
40.230716705322266
41.12578582763672
39.6127815246582
41.95988845825195
40.826385498046875
53.67768859863281
54.40348434448242
72.34991455078125
74.67208862304688
63.1734733581543
61.71913528442383
52.5825309753418
52.002037048339844
59.28330993652344
58.66933822631836
44.87321853637695
47.02650451660156
39.840736389160156
39.130523681640625
38.98767852783203
37.80076599121094
40.181461334228516
36.63719177246094
40.68458557128906
37.73866271972656
40.020198822021484
36.761817932128906
40.61690902709961
38.13484573364258
49.909549713134766
60.73198699951172
42.419960021972656
38.77796936035156
50.78044128417969
50.084686279296875
53.62326431274414
52.55284881591797
48.45528793334961
48.30732345581055
54.08478546142578
54.39638900756836
49.909027099609375
51.01903533935547
44.54917526245117
41.70897674560547
44.4054069519043
41.05046463012695
46.34870147705078
43.2811164855957
43.74985885620117
40.42833709716797
42.72531509399414
39.008785247802734
42.31852340698242
38.71223449707031
42.592960357666016
39.01457214355469
43.711326599121094
39.64224624633789
42.85371398925781
39.122379302978516
43.550392150878906
39.787506103515625
43.23935317993164
38.54930877685547
41.98801803588867
38.97397232055664
43.955142974853516
40.577674865722656
44.03201675415039
40.691253662109375
42.42768859863281
39.3193244934082
42.93586730957031
38.679752349853516
41.32246398925781
38.000492095947266
39.36509323120117
36.802391052246094
39.62187194824219
36.48118591308594
38.97431182861328
35.33475875854492
38.685943603515625
36.019100189208984
47.151859283447266
47.10966873168945
48.966209411621094
49.74209976196289
40.61204528808594
39.12968444824219
47.74934768676758
47.57642364501953
46.578468322753906
44.01384353637695
50.65297317504883
49.13738250732422
39.53630065917969
37.75471878051758
69.33112335205078
69.49040222167969
71.16969299316406
70.80673217773438
77.67638397216797
78.11570739746094
86.54317474365234
90.59300231933594
98.98643493652344
104.40021514892578
50.538291931152344
48.20145797729492
69.67280578613281
69.9546890258789
53.76576232910156
55.56985855102539
50.475791931152344
51.94657897949219
45.517452239990234
45.669620513916016
49.36083984375
50.173805236816406
51.31532287597656
51.79358673095703
49.521759033203125
49.214134216308594
66.71746063232422
66.90987396240234
73.38994598388672
73.12785339355469
83.5871353149414
81.46936798095703
69.81720733642578
68.95941162109375
137.22134399414062
142.2098388671875
101.01557159423828
100.3254165649414
91.7523422241211
90.01799774169922
131.15773010253906
127.73356628417969
140.4124298095703
142.9008331298828
88.55640411376953
92.6764907836914
108.83930206298828
110.55868530273438
120.81165313720703
122.36773681640625
87.66035461425781
89.90160369873047
97.24409484863281
98.91385650634766
153.7469940185547
153.00506591796875
135.59315490722656
132.56692504882812
80.8501205444336
80.93453979492188
95.35335540771484
102.78423309326172
119.04828643798828
119.09420013427734
144.50328063964844
145.62539672851562
341.1504211425781
336.229736328125
162.20834350585938
166.7983856201172
239.09402465820312
244.8859405517578
144.1645965576172
150.21337890625
138.1407470703125
135.38076782226562
160.642333984375
160.3493194580078
92.08763885498047
96.8514633178711
91.33094787597656
96.84780883789062
91.90272521972656
91.34109497070312
81.7944564819336
88.76239013671875
72.4350814819336
75.30192565917969
89.50659942626953
90.87308502197266
114.59593963623047
123.38307189941406
124.52863311767578
124.25883483886719
108.45559692382812
110.41726684570312
120.85332489013672
118.84027099609375
120.60266876220703
119.17877197265625
143.83502197265625
143.2210693359375
143.39833068847656
142.27474975585938
169.0124053955078
141.0357666015625
142.24745178222656
135.0064239501953
140.12393188476562
140.9123992919922
107.67545318603516
112.8805160522461
122.28083801269531
126.43566131591797
105.6662826538086
104.65714263916016
135.57269287109375
136.27200317382812
96.20958709716797
96.471435546875
81.9101791381836
83.19244384765625
88.31758880615234
86.91055297851562
70.94446563720703
72.96900177001953
98.16178131103516
99.06375885009766
87.58553314208984
86.5177993774414
84.59210205078125
80.9181900024414
84.5680923461914
88.95104217529297
115.533203125
115.92082977294922
133.32113647460938
138.01300048828125
128.36900329589844
126.99820709228516
86.6387939453125
85.88609313964844
113.49322509765625
113.9193115234375
82.1319351196289
82.04790496826172
102.9847640991211
104.03983306884766
87.2981185913086
84.17171478271484
138.926025390625
139.04188537597656
100.5152816772461
106.15953826904297
73.22738647460938
79.53411102294922
73.9039306640625
75.98328399658203
71.3984146118164
72.80311584472656
98.30046081542969
95.51220703125
75.36550903320312
74.17820739746094
63.678287506103516
67.2528076171875
131.55015563964844
136.42967224121094
164.99530029296875
171.62969970703125
119.17206573486328
119.4603042602539
84.37499237060547
84.4437255859375
78.07926940917969
76.88099670410156
72.3333511352539
69.115234375
71.46244812011719
71.16976165771484
181.57684326171875
174.59739685058594
116.6980209350586
113.5634765625
123.03050231933594
129.2976531982422
113.41790771484375
139.19190979003906
168.51535034179688
169.96873474121094
115.4081039428711
119.82530212402344
78.7012710571289
76.97312927246094
118.90082550048828
124.92040252685547
102.36463928222656
98.1532974243164
92.27368927001953
92.84064483642578
113.50823974609375
113.94287872314453
93.0882339477539
94.68125915527344
94.59815216064453
93.4652328491211
120.72015380859375
120.14136505126953
178.1342010498047
185.65975952148438
142.1171112060547
136.30230712890625
135.41783142089844
136.0164031982422
101.28375244140625
105.36624908447266
86.9357681274414
86.80436706542969
177.53652954101562
169.6668701171875
121.72716522216797
131.50827026367188
76.07874298095703
74.01293182373047
81.2179946899414
78.94482421875
73.19438934326172
71.56576538085938
73.1691665649414
71.13198852539062
77.01449584960938
74.66952514648438
76.87914276123047
73.93090057373047
79.75996398925781
77.43110656738281
80.82291412353516
78.03112030029297
82.60515594482422
80.35577392578125
80.88063049316406
79.29796600341797
80.95600891113281
79.64568328857422
79.40999603271484
78.49482727050781
80.05410766601562
78.70433044433594
81.01699829101562
79.50004577636719
83.46391296386719
82.0150375366211
77.44766998291016
76.47772979736328
114.52020263671875
115.30087280273438
110.32123565673828
110.30370330810547
100.79045104980469
100.68689727783203
113.62012481689453
111.3228530883789
151.1744842529297
150.46087646484375
