76.44522857666016
56.33926773071289
56.622074127197266
52.04273223876953
51.76163101196289
54.25971221923828
51.47404479980469
50.7033576965332
50.116695404052734
74.4322738647461
76.44522857666016
53.33797073364258
52.183677673339844
56.7286376953125
57.617950439453125
58.49837112426758
57.14503479003906
54.85702133178711
56.050533294677734
39.82670974731445
39.71674728393555
49.553314208984375
48.689125061035156
40.940181732177734
40.60518264770508
43.70399856567383
43.97035598754883
49.365821838378906
48.875144958496094
43.5076789855957
43.38206100463867
40.827518463134766
40.1474609375
42.675968170166016
43.09780502319336
41.23937225341797
39.492897033691406
41.259857177734375
41.07664489746094
44.06104278564453
43.1416015625
41.84088897705078
41.32254409790039
44.939910888671875
44.556297302246094
73.2148666381836
72.3816146850586
68.53118133544922
64.18598937988281
57.841522216796875
54.2021598815918
56.62517166137695
54.95555877685547
46.17048263549805
43.200157165527344
53.8858528137207
50.69968795776367
51.1019172668457
49.869476318359375
52.293251037597656
50.31814193725586
60.92815017700195
60.2052001953125
54.652008056640625
52.396400451660156
52.80833053588867
51.85984420776367
48.55673599243164
49.045875549316406
57.56547546386719
53.71057891845703
49.938899993896484
50.13568878173828
73.18872833251953
67.87755584716797
51.64356231689453
53.77256774902344
53.568359375
55.56277847290039
85.71414184570312
86.28656005859375
111.5875244140625
109.58370208740234
72.95176696777344
71.96156311035156
104.1118392944336
101.79119110107422
79.9584732055664
78.63874053955078
52.68183898925781
57.37247085571289
57.79032516479492
56.76051712036133
51.243675231933594
52.427703857421875
63.464237213134766
62.055660247802734
47.78266906738281
52.141143798828125
46.011356353759766
49.23150634765625
50.60218811035156
56.12391662597656
52.158355712890625
55.28227615356445
50.444419860839844
51.818058013916016
51.072139739990234
50.67528533935547
52.45736312866211
52.85725784301758
51.74620819091797
51.79050064086914
51.47420120239258
53.13357925415039
51.38828659057617
54.877132415771484
