77.9913330078125
66.79212188720703
65.36646270751953
59.0806884765625
59.29935073852539
54.68925857543945
55.392818450927734
59.72160720825195
56.96259689331055
62.135868072509766
58.44305419921875
62.988773345947266
59.5580940246582
67.44845581054688
62.742408752441406
60.672019958496094
60.561302185058594
53.30357360839844
56.6741943359375
50.557655334472656
51.36492156982422
51.168609619140625
51.78271484375
48.56876754760742
49.12856674194336
51.35797882080078
49.4333381652832
59.82070541381836
57.59650421142578
64.89138793945312
65.43296813964844
56.01914596557617
56.31744384765625
52.52663803100586
53.40327453613281
54.01199722290039
54.61400604248047
52.96417999267578
54.813907623291016
56.69955062866211
58.65165328979492
60.60252380371094
60.86116027832031
50.142242431640625
51.95229721069336
50.752418518066406
50.87921142578125
50.63402557373047
50.40636444091797
48.61712646484375
47.00042724609375
49.264347076416016
48.482200622558594
51.40066146850586
51.16535186767578
57.81211853027344
58.22370147705078
56.66370391845703
56.768314361572266
73.34806060791016
74.07086944580078
62.48900604248047
61.7738037109375
58.82701873779297
61.052059173583984
62.456668853759766
60.28451156616211
58.61444091796875
56.79887771606445
63.33296585083008
61.82383346557617
66.91624450683594
65.43091583251953
60.46254348754883
60.168174743652344
56.11746597290039
56.67152786254883
62.05310821533203
62.310951232910156
77.30711364746094
77.9913330078125
54.417381286621094
56.63729476928711
53.54880905151367
55.00952911376953
54.176815032958984
54.11155319213867
60.84888458251953
60.28158950805664
64.24244689941406
64.01084899902344
53.939056396484375
52.15049743652344
45.93872833251953
43.31418991088867
57.686187744140625
57.841522216796875
62.16895294189453
58.986228942871094
60.195037841796875
61.9131965637207
49.012779235839844
48.602394104003906
46.675140380859375
45.7152214050293
51.961769104003906
51.61378860473633
49.84545135498047
50.25515365600586
41.472110748291016
41.856605529785156
43.85824966430664
42.83539962768555
47.98194122314453
45.941036224365234
49.579185485839844
46.826175689697266
44.997310638427734
44.37285232543945
58.01007843017578
60.411407470703125
41.70695495605469
41.337188720703125
42.556358337402344
41.89836120605469
43.919044494628906
43.4111442565918
47.23664093017578
47.12757873535156
47.04478454589844
46.90419387817383
47.78238296508789
46.565494537353516
48.52987289428711
48.17461395263672
51.11441421508789
51.30888748168945
46.45246887207031
46.63981246948242
48.262882232666016
47.88902282714844
48.13994216918945
47.45003128051758
49.30704116821289
49.53462219238281
48.31528091430664
48.02467346191406
48.209564208984375
47.65125274658203
50.48751449584961
50.05863571166992
49.17671585083008
49.475215911865234
49.91130065917969
49.508079528808594
49.633975982666016
48.72750473022461
56.831565856933594
56.67646026611328
63.17743682861328
62.85774230957031
60.26324462890625
60.54231643676758
64.04200744628906
66.51289367675781
92.57131958007812
96.02941131591797
98.16035461425781
102.1781234741211
89.61668395996094
87.51779174804688
78.38578796386719
78.14957427978516
65.6596450805664
63.705196380615234
62.02892303466797
63.11575698852539
65.91934204101562
66.22908020019531
66.11589050292969
64.59843444824219
55.97842025756836
55.12053680419922
55.402191162109375
54.81357192993164
61.565460205078125
60.704010009765625
67.69165802001953
66.5574951171875
74.26364135742188
74.9388427734375
77.6019515991211
77.79881286621094
63.098697662353516
62.9106330871582
68.55329895019531
70.14753723144531
73.3830337524414
73.94953155517578
67.27651977539062
66.82202911376953
64.88346862792969
64.56507110595703
65.61549377441406
66.24320983886719
76.17030334472656
78.37422180175781
60.682044982910156
62.12850570678711
65.9155044555664
65.03409576416016
73.85120391845703
73.77054595947266
62.826045989990234
61.9163932800293
77.57367706298828
78.57789611816406
57.80189895629883
56.85554885864258
59.40565490722656
58.28413772583008
54.86262893676758
55.734066009521484
58.961387634277344
58.619117736816406
57.414093017578125
56.1054801940918
56.44945526123047
55.77986526489258
62.73765182495117
61.52963638305664
81.65205383300781
82.01948547363281
83.3629150390625
86.00902557373047
71.76212310791016
70.75208282470703
76.26466369628906
73.70413970947266
76.46806335449219
75.90750885009766
73.94963073730469
73.11184692382812
65.0245590209961
65.5543212890625
61.03003692626953
60.122291564941406
66.20032501220703
65.47032165527344
66.28208923339844
64.28907012939453
72.62124633789062
72.95907592773438
81.6698989868164
80.7165298461914
69.90596008300781
69.5400619506836
62.84618377685547
61.2930908203125
61.40126037597656
62.33683776855469
66.72392272949219
66.37885284423828
62.30134201049805
61.1773681640625
58.8614616394043
57.37751007080078
62.432735443115234
59.788291931152344
62.922428131103516
60.57585906982422
70.88125610351562
69.38282012939453
65.36257934570312
63.99047088623047
66.46863555908203
66.24139404296875
52.62577819824219
50.705135345458984
59.23441696166992
57.84917449951172
58.44256591796875
57.165706634521484
63.51642608642578
62.17914581298828
68.51399993896484
68.22453308105469
62.58509826660156
60.40896224975586
60.195133209228516
58.495304107666016
60.3961067199707
59.80784606933594
59.772987365722656
59.19213104248047
59.85803985595703
59.695072174072266
59.68035888671875
58.96229934692383
64.86556243896484
64.1506118774414
61.15320587158203
61.541465759277344
62.36008834838867
61.36131286621094
61.42155838012695
60.08484649658203
71.84440612792969
70.74440002441406
61.557403564453125
61.01923370361328
63.1738166809082
64.90463256835938
65.2654800415039
64.36894989013672
63.04847717285156
63.155147552490234
62.469173431396484
63.17942428588867
64.99574279785156
62.63540267944336
64.43565368652344
61.86370086669922
59.67195510864258
58.310813903808594
61.3892822265625
58.94862365722656
61.31132888793945
59.46074295043945
63.282859802246094
62.93460464477539
71.7649917602539
72.60762023925781
68.46673583984375
68.5753173828125
63.511924743652344
62.97880172729492
66.86324310302734
66.64610290527344
58.542633056640625
57.48101806640625
67.0811996459961
65.79238891601562
63.35371017456055
62.38689041137695
62.222900390625
61.857242584228516
63.706844329833984
64.1166000366211
66.12305450439453
66.53783416748047
69.37212371826172
70.14842224121094
64.22346496582031
63.655311584472656
62.83700180053711
62.33871841430664
59.10285186767578
58.277549743652344
58.57365036010742
58.321136474609375
61.91345977783203
60.71445846557617
65.74513244628906
63.424617767333984
65.46170043945312
63.11098098754883
66.96479034423828
66.13187408447266
64.84822845458984
64.51698303222656
64.3540267944336
64.44416809082031
65.87567138671875
66.34225463867188
63.682716369628906
63.84311294555664
69.50202178955078
70.18376922607422
67.26554870605469
66.68477630615234
75.83138275146484
69.06004333496094
78.8731918334961
78.51154327392578
65.23734283447266
64.31169891357422
67.94937896728516
66.57279968261719
75.49909210205078
73.95328521728516
77.12390899658203
79.44160461425781
76.01188659667969
77.8173599243164
89.70225524902344
89.76984405517578
100.18750762939453
99.8230209350586
95.28876495361328
93.45452117919922
74.38651275634766
72.4187240600586
78.81024169921875
74.57684326171875
68.63525390625
66.17343139648438
68.86993408203125
68.68138885498047
63.25907516479492
64.63491821289062
69.35872650146484
68.59058380126953
78.46147918701172
76.20504760742188
75.03651428222656
72.19986724853516
65.87754821777344
62.32334899902344
60.216182708740234
57.89748764038086
55.32323455810547
52.3980598449707
59.3321647644043
57.93570327758789
55.61153030395508
54.98859405517578
60.62774658203125
59.0108528137207
66.49479675292969
66.6537857055664
77.2962646484375
74.15506744384766
67.70254516601562
65.48013305664062
57.0988655090332
57.03049087524414
61.91944122314453
63.95758056640625
72.07103729248047
71.02793884277344
63.343509674072266
61.993011474609375
67.7091293334961
71.6649169921875
61.17364501953125
60.53755187988281
58.64019775390625
57.629459381103516
63.527793884277344
62.41744613647461
65.74014282226562
69.38858795166016
71.64797973632812
71.80107879638672
80.71049499511719
78.29903411865234
63.40377426147461
63.10886764526367
68.21315002441406
68.58452606201172
60.2208366394043
61.09831237792969
54.10724639892578
55.28508758544922
61.2952995300293
62.02695083618164
64.79283142089844
64.86087036132812
73.0924072265625
72.51530456542969
77.02664184570312
75.16471862792969
72.94384002685547
71.52881622314453
72.67362213134766
71.86033630371094
71.75646209716797
67.38224792480469
