76.00247955322266
75.67315673828125
76.00247955322266
58.12311935424805
59.98413848876953
46.54790115356445
51.97157287597656
56.3655891418457
53.049835205078125
40.09882736206055
37.924652099609375
48.10135269165039
46.01782989501953
43.907222747802734
45.941795349121094
36.66243362426758
38.77506637573242
46.058433532714844
47.710174560546875
44.953636169433594
45.28656768798828
42.970184326171875
42.47643280029297
49.67697525024414
50.77810287475586
48.978065490722656
51.49125671386719
47.200401306152344
48.42189407348633
57.46590042114258
55.985328674316406
51.83937072753906
49.076416015625
46.47990798950195
45.04340362548828
55.73893737792969
54.091121673583984
59.76704406738281
62.381710052490234
45.328643798828125
45.031883239746094
56.07572555541992
58.9282112121582
46.326698303222656
48.08547592163086
45.77366256713867
47.35569763183594
47.00023651123047
47.6006965637207
62.98240280151367
65.62206268310547
51.80194854736328
52.928672790527344
52.72138214111328
52.61024475097656
54.5573844909668
54.7198600769043
51.12297821044922
50.93887710571289
50.23248291015625
49.75157928466797
52.451114654541016
55.028446197509766
49.77815246582031
52.84794235229492
51.84638214111328
53.84043502807617
56.719017028808594
58.36049270629883
60.53008270263672
62.366641998291016
56.839599609375
54.637847900390625
64.41490173339844
72.71961212158203
85.67549896240234
84.77154541015625
53.64008712768555
53.859195709228516
47.82349395751953
48.06645965576172
48.76538848876953
50.551551818847656
81.35164642333984
81.48516845703125
135.24404907226562
145.96084594726562
158.95925903320312
160.73081970214844
119.61075592041016
111.3623275756836
74.85913848876953
73.96929168701172
90.83448028564453
97.11570739746094
86.78359985351562
87.77607727050781
64.1767807006836
69.39703369140625
111.28902435302734
114.17413330078125
78.32476043701172
83.40801239013672
73.99801635742188
74.12023162841797
59.776058197021484
63.641258239746094
79.08460998535156
78.11492156982422
79.65677642822266
78.9089126586914
74.85365295410156
77.86980438232422
62.96769332885742
60.81100845336914
80.95511627197266
83.85035705566406
64.13397216796875
68.22945404052734
53.207889556884766
57.35248565673828
62.50110626220703
64.51774597167969
55.76979446411133
55.9644889831543
61.07610321044922
63.50899124145508
40.869075775146484
43.11855697631836
64.08988189697266
63.075469970703125
62.842018127441406
60.33460235595703
85.16156005859375
82.94873046875
72.19933319091797
68.56050872802734
70.89371490478516
72.26197052001953
56.87667465209961
58.12464904785156
68.91358947753906
66.25531005859375
60.75450134277344
62.78701400756836
53.34073257446289
52.643070220947266
48.534088134765625
48.65325927734375
54.9887809753418
54.67447280883789
53.7362060546875
51.952980041503906
55.16762161254883
54.656272888183594
60.993553161621094
63.02044677734375
64.78056335449219
64.57574462890625
62.37003707885742
60.77971267700195
59.039955139160156
63.534934997558594
114.86956024169922
116.55747985839844
103.30937194824219
107.87613677978516
