109.5505599975586
45.09817886352539
46.74990463256836
45.01137161254883
39.35726547241211
41.252166748046875
39.83940505981445
54.14569091796875
46.56649398803711
46.90399169921875
46.47202682495117
41.72739791870117
43.77043533325195
46.700531005859375
53.60652542114258
48.4362907409668
45.43644332885742
50.6397705078125
49.675838470458984
53.39554977416992
53.49738693237305
56.95620346069336
54.8082275390625
49.93954086303711
51.80615234375
61.34257888793945
47.859840393066406
41.87407302856445
46.508480072021484
42.370243072509766
63.21044921875
48.44112777709961
42.40083694458008
41.7182731628418
39.477535247802734
41.36884689331055
38.91162109375
39.16408157348633
40.44922637939453
40.88694763183594
34.6744384765625
39.136077880859375
57.28654098510742
65.06462860107422
62.97732162475586
54.782936096191406
45.97743225097656
41.779109954833984
50.01300811767578
44.22688293457031
70.5166015625
61.129852294921875
63.69230270385742
50.10519027709961
52.83456039428711
49.452606201171875
50.25864791870117
56.563270568847656
40.031829833984375
37.72005844116211
48.76877212524414
68.9408187866211
39.24970626831055
41.832332611083984
48.28066635131836
43.9995002746582
46.78900909423828
46.58182144165039
51.59247970581055
51.08308029174805
45.74422836303711
43.2644157409668
41.78641128540039
43.23844909667969
43.49326705932617
40.61741256713867
42.347164154052734
47.119140625
46.05056381225586
48.59916305541992
43.8980598449707
38.80930709838867
40.251991271972656
48.15030288696289
53.46132278442383
43.71928787231445
52.6670036315918
47.9736213684082
45.69598388671875
42.081172943115234
42.844337463378906
42.54458999633789
45.72119903564453
44.73991775512695
41.56461715698242
40.07776641845703
42.81082534790039
42.821144104003906
39.50339889526367
74.69329071044922
44.116065979003906
41.42245864868164
40.65066146850586
41.88631820678711
41.80005645751953
49.49574661254883
45.97410583496094
43.2639045715332
39.270748138427734
42.9570198059082
52.24542236328125
50.855587005615234
59.2270622253418
53.028053283691406
47.34624099731445
51.6462516784668
45.746883392333984
48.94245529174805
48.71306228637695
46.55977249145508
51.49325180053711
45.60271072387695
48.29280090332031
45.93342208862305
52.71401596069336
54.63496017456055
52.9942741394043
76.86467742919922
58.79865646362305
49.14012908935547
52.662261962890625
72.28104400634766
68.07257080078125
73.0643310546875
57.31779861450195
75.07782745361328
55.74398422241211
49.649593353271484
75.89790344238281
54.2769889831543
58.2510986328125
84.97950744628906
84.45523071289062
123.05712890625
100.99699401855469
129.6536102294922
122.5290756225586
143.86582946777344
103.8492660522461
97.38542938232422
53.89570236206055
44.3636474609375
51.54460525512695
57.8640022277832
62.950618743896484
49.14365768432617
52.54754638671875
59.26616287231445
51.12553024291992
46.23322296142578
42.66789627075195
43.295162200927734
54.603939056396484
57.2757682800293
56.543212890625
48.58885192871094
52.51313400268555
42.49708557128906
56.791419982910156
49.30451202392578
45.66152572631836
46.90058135986328
47.809261322021484
65.71761322021484
77.85513305664062
59.879150390625
54.82588577270508
58.3653678894043
58.02810287475586
54.7252082824707
53.64604568481445
56.15576934814453
54.0145378112793
54.43206787109375
52.89783477783203
54.78190231323242
65.9167251586914
50.243690490722656
81.84337615966797
82.0274429321289
83.22087097167969
79.16021728515625
90.61626434326172
135.2825927734375
154.06423950195312
181.06260681152344
131.0282440185547
106.59087371826172
65.11024475097656
80.28509521484375
77.58113098144531
115.97606658935547
157.3270721435547
131.72764587402344
89.52345275878906
105.7877426147461
96.0733871459961
114.89117431640625
118.8347396850586
148.2872314453125
141.23143005371094
125.55278778076172
195.5892791748047
139.60025024414062
145.74020385742188
155.06927490234375
127.9428482055664
115.78498840332031
84.21202850341797
74.80393981933594
69.88563537597656
89.1779556274414
128.9950408935547
109.9744644165039
100.75311279296875
82.31237030029297
79.3591537475586
84.79094696044922
80.65203857421875
70.1395492553711
72.3988265991211
82.28071594238281
79.30306243896484
81.43917083740234
86.56298828125
77.8188705444336
139.29922485351562
102.07418060302734
93.78196716308594
78.7935562133789
71.92948150634766
56.38508224487305
55.70392990112305
57.35731887817383
55.3880615234375
56.442012786865234
57.2448844909668
61.5129280090332
65.61003875732422
88.26546478271484
93.17513275146484
87.68962860107422
130.25808715820312
129.04039001464844
101.00634002685547
109.75581359863281
81.19768524169922
82.11943817138672
59.109893798828125
82.2488021850586
65.39165496826172
69.59551239013672
94.4061508178711
66.8297348022461
68.95995330810547
124.40404510498047
81.33534240722656
71.50394439697266
98.2093276977539
86.85145568847656
113.472412109375
97.81035614013672
157.3225555419922
136.76614379882812
158.4747772216797
113.86016082763672
114.1489028930664
139.39987182617188
88.42677307128906
130.1326904296875
135.73228454589844
167.76405334472656
142.6055908203125
150.49717712402344
115.407958984375
94.85923767089844
82.86481475830078
84.51738739013672
104.6988754272461
85.67838287353516
99.4981460571289
99.47478485107422
102.93387603759766
95.55000305175781
119.08585357666016
168.32772827148438
113.96260070800781
114.9113540649414
121.54414367675781
124.5250015258789
164.77078247070312
107.1086654663086
128.66900634765625
149.02816772460938
122.58150482177734
123.65985107421875
118.21710205078125
119.23738098144531
96.75482940673828
90.32442474365234
79.59613037109375
81.13118743896484
109.12395477294922
91.01301574707031
125.8031234741211
101.05711364746094
87.09783935546875
111.89794921875
93.81818389892578
95.3750228881836
83.62872314453125
72.04249572753906
76.26680755615234
84.40634155273438
81.2986831665039
106.9325180053711
97.4732894897461
130.0387420654297
102.443359375
86.29415893554688
94.34741973876953
75.65765380859375
70.28981018066406
69.4009017944336
97.01219177246094
100.36040496826172
114.4256591796875
87.3619155883789
120.7696533203125
80.88550567626953
72.80367279052734
76.2220687866211
72.41304016113281
87.65123748779297
75.23787689208984
92.9950942993164
89.72235870361328
92.51836395263672
87.49243927001953
90.44707489013672
64.58082580566406
62.577308654785156
63.676551818847656
83.9216079711914
100.22432708740234
59.925636291503906
75.95108795166016
74.09672546386719
78.20586395263672
56.867835998535156
70.56102752685547
73.01297760009766
121.52416229248047
100.59484100341797
116.278564453125
86.82760620117188
92.11177062988281
124.55641174316406
97.3713607788086
79.14225769042969
106.46256256103516
81.38243865966797
100.26498413085938
89.55913543701172
76.7615966796875
84.47802734375
66.33269500732422
100.02849578857422
92.9669418334961
98.5618667602539
98.62421417236328
119.6070785522461
130.87684631347656
108.93914794921875
83.70716857910156
66.14459228515625
92.83473205566406
111.82771301269531
70.5308609008789
100.51030731201172
120.0909194946289
84.3142318725586
97.19721221923828
90.21797943115234
101.37969207763672
107.3670425415039
82.45773315429688
81.11493682861328
96.82362365722656
98.69146728515625
110.50565338134766
84.74356079101562
86.61969757080078
80.44940948486328
86.27066802978516
81.65254211425781
82.16069793701172
83.0707015991211
120.17586517333984
156.2496795654297
100.62704467773438
65.5322265625
58.48402786254883
65.35655975341797
61.580013275146484
78.42097473144531
89.11087036132812
89.93395233154297
88.30318450927734
68.72618865966797
90.05116271972656
92.4048843383789
75.44255065917969
70.52123260498047
74.00237274169922
83.65460968017578
69.20787811279297
71.44143676757812
65.42266845703125
70.6643295288086
70.0798568725586
89.41108703613281
64.3069839477539
74.43566131591797
69.79729461669922
87.64332580566406
75.14266204833984
78.40814971923828
74.33177947998047
77.73970031738281
69.65120697021484
106.67768859863281
96.96514129638672
114.01073455810547
119.73046875
78.03108215332031
72.58570861816406
69.73543548583984
72.41967010498047
68.52577209472656
79.31963348388672
73.4444808959961
75.07389068603516
73.27884674072266
69.55786895751953
72.84276580810547
88.61370849609375
83.76238250732422
87.81741333007812
79.85091400146484
81.93780517578125
74.64900970458984
76.92097473144531
59.675758361816406
94.48400115966797
80.45315551757812
77.97640228271484
91.25408172607422
71.6753158569336
79.51824188232422
81.39762115478516
72.87812805175781
90.80419921875
82.36943817138672
109.7367172241211
82.57465362548828
93.68902587890625
103.14544677734375
94.00212860107422
77.71934509277344
82.01551818847656
77.94955444335938
76.08271789550781
99.8015365600586
93.64611053466797
76.5683364868164
94.91668701171875
87.50433349609375
74.02291107177734
70.71807861328125
77.73158264160156
70.49967956542969
71.05354309082031
67.56939697265625
63.95661544799805
67.1342544555664
64.21770477294922
68.7991714477539
70.11055755615234
75.32601928710938
73.9438705444336
76.91864013671875
85.93643951416016
74.75353240966797
74.8294906616211
73.2973403930664
70.12235260009766
75.08332824707031
96.21687316894531
81.69754791259766
98.54838562011719
84.53755187988281
71.39693450927734
70.2405776977539
65.92079162597656
64.6342544555664
63.7816276550293
88.12935638427734
80.95792388916016
91.229248046875
89.54102325439453
95.15957641601562
85.71624755859375
71.8166732788086
71.15654754638672
77.7949447631836
85.59356689453125
88.8242416381836
72.0519027709961
92.09107971191406
72.48724365234375
72.64562225341797
69.69642639160156
67.6332015991211
67.88421630859375
66.53484344482422
58.79713821411133
79.62213134765625
83.7383804321289
124.2776870727539
103.87568664550781
92.6761474609375
90.97512817382812
95.23108673095703
99.57108306884766
103.22710418701172
101.38494110107422
109.21742248535156
95.4650650024414
116.64337158203125
101.30059051513672
100.16209411621094
107.8490982055664
90.80732727050781
83.0028076171875
78.74024200439453
74.08696746826172
63.47597885131836
84.5211181640625
84.2244873046875
58.23916244506836
65.59077453613281
66.00383758544922
57.93416976928711
72.66722869873047
74.65081024169922
53.782222747802734
54.51838302612305
55.8884162902832
85.66748046875
71.94761657714844
52.6735725402832
49.371971130371094
44.155269622802734
60.24576950073242
86.42819213867188
61.85038375854492
61.069732666015625
71.09636688232422
66.4175796508789
45.42184066772461
48.38203811645508
77.8494873046875
89.00455474853516
101.30472564697266
116.69123840332031
112.14381408691406
67.92716979980469
74.97411346435547
62.32221603393555
59.959815979003906
64.94142150878906
56.764892578125
55.05537796020508
77.8431396484375
77.2707748413086
80.28071594238281
72.9035873413086
67.71746063232422
57.40006637573242
64.48027801513672
98.6723861694336
77.09795379638672
68.90400695800781
77.72504425048828
80.8620834350586
77.36029052734375
71.17098236083984
65.29439544677734
64.68094635009766
62.65617752075195
73.9050521850586
107.8462142944336
115.00447082519531
97.11292266845703
69.13933563232422
67.55751037597656
50.34999465942383
54.96681594848633
58.471797943115234
68.46407318115234
66.787841796875
54.634620666503906
83.03579711914062
77.25870513916016
93.1540298461914
85.49166107177734
98.6915512084961
94.9903793334961
70.93840026855469
86.97508239746094
90.71658325195312
76.56096649169922
91.70836639404297
67.32999420166016
48.432743072509766
56.66415023803711
61.669673919677734
87.57466125488281
88.48658752441406
75.63111114501953
95.05049133300781
76.12535858154297
72.07379913330078
89.50813293457031
119.49849700927734
83.48681640625
97.18910217285156
95.72591400146484
89.81534576416016
105.2953872680664
77.35302734375
95.94131469726562
64.4171142578125
89.36919403076172
95.1903305053711
77.80730438232422
84.58447265625
75.7283706665039
79.28748321533203
68.25214385986328
77.89713287353516
69.23748779296875
65.599609375
71.81975555419922
56.179969787597656
61.99085235595703
69.50695037841797
57.088130950927734
79.00642395019531
57.38483810424805
66.99800872802734
86.62550354003906
58.7208137512207
71.56549072265625
64.65643310546875
76.85713195800781
66.60132598876953
69.69906616210938
86.40443420410156
65.86251068115234
71.86617279052734
83.70768737792969
80.6728744506836
70.7653579711914
54.8997917175293
77.13024139404297
71.9033432006836
58.70166778564453
94.42166900634766
82.08977508544922
89.26513671875
91.26847076416016
86.28319549560547
85.92144012451172
64.29276275634766
79.6630859375
67.27677154541016
62.9237060546875
58.595455169677734
54.4078483581543
57.965877532958984
57.05031967163086
56.615020751953125
52.10551834106445
60.6968879699707
57.63220977783203
79.4891586303711
75.42872619628906
79.42720031738281
77.32967376708984
68.87562561035156
76.75244140625
71.4250717163086
68.72320556640625
60.88990020751953
69.38236999511719
76.39894104003906
67.92166900634766
62.9661979675293
61.73035430908203
66.87615203857422
76.9661636352539
87.5225830078125
72.02535247802734
66.35028839111328
71.65467834472656
65.71227264404297
53.465675354003906
49.90350341796875
67.82378387451172
83.2705307006836
72.86296081542969
73.83499908447266
63.05811309814453
84.48604583740234
53.2922477722168
61.95463180541992
68.42622375488281
83.9343490600586
82.38500213623047
107.84563446044922
64.0639419555664
59.56787109375
76.46588134765625
88.64449310302734
70.47460174560547
68.21063232421875
55.14625930786133
80.94446563720703
77.3679428100586
73.52147674560547
64.37358856201172
63.400123596191406
64.17936706542969
75.9067153930664
59.20339584350586
63.40608596801758
63.1974983215332
68.65567016601562
63.042327880859375
69.91185760498047
63.96382522583008
62.21388626098633
64.078857421875
74.30431365966797
75.32172393798828
88.2851333618164
124.15870666503906
69.47431945800781
90.06201934814453
70.00872802734375
61.1031608581543
69.68136596679688
79.523193359375
124.9009780883789
59.395992279052734
70.7719955444336
63.0030632019043
69.07442474365234
81.12679290771484
67.70809173583984
69.41670989990234
65.66837310791016
66.44879150390625
67.82918548583984
69.95304107666016
