118.40904235839844
57.729957580566406
83.59461212158203
59.98443603515625
52.702022552490234
41.51496505737305
47.2573356628418
48.779239654541016
54.4880485534668
54.65479278564453
46.50349044799805
44.13142776489258
48.51117706298828
51.76334762573242
51.253028869628906
48.54179000854492
43.08594512939453
43.738590240478516
47.27700424194336
54.74338912963867
45.31296920776367
46.24509811401367
64.66289520263672
57.70961380004883
48.54810333251953
46.1454963684082
45.565189361572266
51.84331130981445
54.68690872192383
47.65202713012695
44.29620361328125
61.288795471191406
62.47426986694336
57.617652893066406
59.49711227416992
54.739173889160156
53.24200439453125
62.92794418334961
59.72848129272461
50.63010787963867
54.15962600708008
43.52809524536133
45.723880767822266
47.688446044921875
52.379150390625
51.53328323364258
50.58256912231445
52.331512451171875
52.88813400268555
40.341835021972656
47.18925094604492
40.90354537963867
45.07424545288086
48.7558479309082
48.71021270751953
44.171287536621094
40.956111907958984
46.43270492553711
46.66908645629883
48.95042037963867
44.6905632019043
50.308143615722656
51.449798583984375
45.397613525390625
35.2715950012207
37.10689926147461
40.9203987121582
44.63352584838867
55.6433219909668
65.55171966552734
49.51082229614258
42.04057693481445
51.6883659362793
50.673126220703125
44.135536193847656
41.743526458740234
36.88286590576172
47.07340621948242
47.89034652709961
48.230384826660156
45.730464935302734
46.87139892578125
60.04890060424805
44.52565002441406
42.93339157104492
39.775657653808594
37.92555618286133
49.003292083740234
45.57784652709961
44.04402160644531
41.89801788330078
45.389835357666016
43.696590423583984
41.70874786376953
37.62849807739258
36.75173568725586
36.922637939453125
39.9102783203125
40.325374603271484
38.223052978515625
40.266998291015625
43.94900894165039
44.160152435302734
47.0884895324707
47.105308532714844
66.47335052490234
45.369964599609375
50.197418212890625
48.28921127319336
46.8183708190918
54.733333587646484
47.432552337646484
40.9578971862793
44.965919494628906
37.7881965637207
40.80352783203125
44.168670654296875
57.436012268066406
54.2989616394043
45.72901916503906
73.2486801147461
66.09366607666016
124.014404296875
88.1455307006836
100.22457122802734
98.12466430664062
95.5640640258789
60.66494369506836
40.592742919921875
50.1488151550293
48.69857406616211
69.90331268310547
63.4442024230957
81.44939422607422
72.3661117553711
68.62031555175781
57.01593017578125
50.65266036987305
56.206459045410156
65.37300109863281
78.61434173583984
94.49169921875
72.95283508300781
72.38356018066406
61.06140899658203
53.14299392700195
56.292354583740234
