87.25569152832031
77.98880004882812
78.22394561767578
59.75965881347656
59.305973052978516
61.923282623291016
64.59869384765625
51.924617767333984
52.52083206176758
51.209712982177734
52.22811508178711
44.11386489868164
46.14629364013672
50.858272552490234
51.16985321044922
63.08699035644531
60.275474548339844
45.59625244140625
44.160972595214844
46.93978500366211
46.18505859375
40.944175720214844
36.703189849853516
44.17427062988281
44.17104721069336
39.063846588134766
39.059303283691406
39.574623107910156
37.904579162597656
47.824256896972656
45.295833587646484
41.93549346923828
40.889957427978516
45.56433868408203
44.2806396484375
53.303733825683594
51.58588409423828
48.497005462646484
45.37899398803711
56.2526741027832
53.56712341308594
46.04558181762695
48.025733947753906
57.07853698730469
61.02238082885742
51.24504852294922
51.83810806274414
55.27482986450195
57.140846252441406
43.174068450927734
43.68211364746094
40.63801956176758
40.02454376220703
47.92924880981445
50.00407791137695
50.799346923828125
44.131683349609375
49.75758743286133
56.79618835449219
54.36749267578125
61.15360641479492
64.86111450195312
66.45511627197266
58.12416458129883
60.04801559448242
60.215641021728516
61.12744140625
68.92646026611328
69.82086181640625
84.88839721679688
87.25569152832031
72.24093627929688
73.75335693359375
58.509437561035156
61.67042541503906
65.22319030761719
69.78821563720703
85.6537857055664
83.56660461425781
78.70622253417969
77.29255676269531
64.5439682006836
60.36201095581055
60.36362075805664
59.99587631225586
64.46619415283203
62.25172424316406
46.78194808959961
47.19076919555664
44.34185791015625
45.61842727661133
56.615177154541016
57.98885726928711
70.32001495361328
71.45513916015625
69.3047866821289
67.4068603515625
45.51730728149414
44.46126174926758
42.678401947021484
43.50354766845703
41.32234573364258
40.010040283203125
43.80851745605469
40.827213287353516
44.59398651123047
45.63316345214844
45.74925994873047
46.10475158691406
40.96147155761719
39.059696197509766
42.784854888916016
39.3321647644043
44.29556655883789
39.45111846923828
50.52061080932617
51.276458740234375
52.52815246582031
53.229881286621094
49.666709899902344
50.11650085449219
48.55520248413086
46.989967346191406
63.67734909057617
65.16785430908203
47.64552307128906
46.09911346435547
44.20930099487305
41.46775817871094
54.39862060546875
53.58980178833008
48.90447235107422
48.2801628112793
48.3657112121582
46.26787185668945
63.61571502685547
62.61640548706055
69.5191421508789
70.42847442626953
57.67127990722656
57.820186614990234
59.05840301513672
57.33772659301758
60.97162628173828
61.1527214050293
50.66556167602539
51.600406646728516
54.49312973022461
53.739566802978516
61.49540328979492
55.0859489440918
47.74142074584961
49.99542999267578
49.785064697265625
50.734683990478516
47.50492477416992
45.201507568359375
47.73245620727539
49.76600646972656
42.23693084716797
40.535804748535156
65.49522399902344
64.4632568359375
63.15023422241211
63.685752868652344
58.05680847167969
50.20157241821289
46.43936538696289
44.19724655151367
48.885929107666016
45.20772171020508
48.68583679199219
47.5681037902832
66.54141235351562
62.02996063232422
43.7220573425293
40.45658874511719
50.70927429199219
43.95889663696289
49.39262771606445
44.240325927734375
48.19336700439453
43.66265106201172
48.35197448730469
45.128028869628906
48.426048278808594
44.85789108276367
48.242061614990234
44.72731018066406
45.428253173828125
42.071903228759766
57.224910736083984
51.93048095703125
51.92635726928711
46.58152770996094
50.78141403198242
47.31718444824219
49.96818923950195
48.12395095825195
46.830970764160156
45.090972900390625
74.12962341308594
75.21503448486328
47.931121826171875
47.4771728515625
96.60514068603516
90.57743072509766
78.95286560058594
77.12468719482422
86.96418762207031
84.49093627929688
66.5408706665039
69.40744018554688
90.8623046875
95.69645690917969
75.27980041503906
78.15153503417969
60.853790283203125
57.671077728271484
48.84727478027344
49.144012451171875
66.5660400390625
64.21143341064453
51.57350158691406
51.04656982421875
53.648677825927734
52.643123626708984
55.29030990600586
56.58364486694336
47.28248596191406
45.766693115234375
58.417659759521484
53.820823669433594
86.06181335449219
85.91815185546875
57.574851989746094
60.633033752441406
61.66977310180664
62.28349304199219
139.92864990234375
151.44268798828125
122.08769226074219
120.98688507080078
104.184326171875
109.73941040039062
126.58224487304688
135.34500122070312
73.59260559082031
76.89722442626953
158.30218505859375
161.0159912109375
88.67662811279297
87.18667602539062
67.53331756591797
64.2242202758789
58.6713752746582
55.85435104370117
69.33572387695312
62.23756408691406
102.16827392578125
105.94187927246094
137.8232421875
138.4433135986328
144.85946655273438
149.12115478515625
109.1527099609375
107.43106842041016
126.42025756835938
132.8793487548828
96.63372039794922
101.05136108398438
74.93061828613281
75.42382049560547
79.36972045898438
75.30131530761719
82.69618225097656
84.265869140625
73.9358901977539
76.76924133300781
66.88453674316406
69.30931854248047
76.45291900634766
81.3449478149414
90.93534851074219
95.30229949951172
86.70478057861328
85.50650024414062
121.77251434326172
129.30450439453125
115.28728485107422
119.73054504394531
155.9121856689453
166.48101806640625
