111.60225677490234
35.790130615234375
34.935665130615234
37.596290588378906
35.11126708984375
36.56844711303711
36.01068115234375
40.59246826171875
37.395233154296875
34.2962760925293
34.36478805541992
32.96192169189453
36.005252838134766
37.46842575073242
36.3094367980957
34.35697555541992
32.94369125366211
33.53072738647461
33.466819763183594
33.439605712890625
33.675594329833984
34.093048095703125
33.9234733581543
32.976593017578125
35.378665924072266
34.56648635864258
33.98064041137695
33.94354248046875
36.06312942504883
35.15084457397461
34.999977111816406
33.671077728271484
35.13058090209961
36.168643951416016
34.47953414916992
41.394649505615234
73.64647674560547
72.3779296875
54.984554290771484
59.1401481628418
67.92988586425781
58.90877914428711
52.12443923950195
65.7649154663086
72.8280029296875
49.724212646484375
69.76318359375
57.493324279785156
58.9236946105957
70.11103820800781
66.49110412597656
74.4212417602539
69.5384292602539
47.577613830566406
65.6851806640625
68.01712799072266
59.86472702026367
61.05586624145508
83.8321762084961
63.774532318115234
71.5319595336914
75.81578063964844
80.6825180053711
78.71329498291016
74.51248168945312
69.2894058227539
65.005126953125
83.83705139160156
78.7682113647461
54.78705596923828
74.1529312133789
59.15540313720703
64.28191375732422
97.10802459716797
72.48400115966797
72.93011474609375
85.44474029541016
67.30492401123047
76.28118896484375
73.9670639038086
77.57647705078125
74.57122802734375
104.31398010253906
88.92573547363281
84.45156860351562
106.8665542602539
79.63713836669922
95.87548065185547
65.40399169921875
70.29756164550781
87.0521469116211
106.9808120727539
82.49737548828125
72.31526947021484
80.76403045654297
87.1499252319336
79.9197769165039
66.1383285522461
82.00676727294922
91.61760711669922
90.7678451538086
87.50947570800781
79.58321380615234
88.46617889404297
60.4792594909668
78.89942932128906
74.61604309082031
78.29566955566406
104.18115234375
105.00182342529297
