99.30137634277344
60.88252258300781
60.484867095947266
70.71052551269531
66.7649154663086
79.89984893798828
78.80207824707031
85.13619232177734
80.24944305419922
78.5945053100586
76.65519714355469
88.14200592041016
85.13553619384766
74.60163879394531
74.07396697998047
49.99042510986328
51.18265914916992
70.95564270019531
73.3878402709961
76.71563720703125
78.96949768066406
59.7302360534668
60.126407623291016
42.31660461425781
44.31234359741211
44.88492965698242
46.167213439941406
53.13578414916992
54.47015380859375
54.63487243652344
58.009986877441406
41.18728256225586
42.441749572753906
40.0639533996582
38.5930290222168
51.100711822509766
50.449012756347656
62.62788009643555
64.33557891845703
73.15388488769531
73.64248657226562
55.07230758666992
53.15248489379883
61.77682876586914
58.7348747253418
77.36016082763672
78.81700134277344
64.52606201171875
65.3003921508789
69.41142272949219
66.81805419921875
78.4158706665039
80.61115264892578
40.730716705322266
40.77130126953125
37.97102737426758
36.97946548461914
37.28547286987305
36.70064926147461
34.99652099609375
36.26619338989258
41.034446716308594
39.98085021972656
37.330909729003906
36.7883415222168
37.022621154785156
36.48308563232422
36.450279235839844
35.86955642700195
37.12418746948242
36.04692840576172
38.05597686767578
37.275779724121094
38.15674591064453
37.208194732666016
37.49273681640625
36.451744079589844
37.991477966308594
37.65708923339844
37.74986267089844
36.786964416503906
37.09878921508789
35.9731559753418
37.93617630004883
36.16637420654297
38.61034393310547
36.01060104370117
38.814720153808594
36.61015701293945
38.68444061279297
37.151851654052734
38.93077850341797
38.29236602783203
37.79730987548828
37.674156188964844
55.50250244140625
52.951236724853516
43.74673080444336
44.19038772583008
73.19082641601562
69.50532531738281
97.04871368408203
99.30137634277344
65.0693588256836
65.60877990722656
68.76383209228516
68.5405502319336
61.51356506347656
60.146583557128906
58.547576904296875
55.546653747558594
67.92560577392578
64.67842102050781
59.31815719604492
56.672237396240234
64.77415466308594
66.08206939697266
53.82118606567383
55.094364166259766
51.348941802978516
51.53388595581055
54.44764709472656
54.98783493041992
53.12422561645508
52.66288375854492
61.969886779785156
61.19687271118164
63.869895935058594
63.852684020996094
62.59320831298828
63.38376235961914
55.67969512939453
54.95777893066406
70.90284729003906
68.29928588867188
75.98540496826172
72.007080078125
76.09491729736328
77.84300994873047
60.43333053588867
62.66559600830078
64.72241973876953
63.40608596801758
63.59187316894531
64.90259552001953
72.81047821044922
72.9612045288086
73.1634292602539
76.16104125976562
63.568939208984375
64.56620788574219
49.09624099731445
49.12635803222656
58.73470687866211
59.282249450683594
58.495059967041016
56.850738525390625
55.74474334716797
57.14830780029297
41.90876388549805
43.98562240600586
50.539710998535156
50.690940856933594
44.11648941040039
46.38280487060547
41.656761169433594
42.48530960083008
47.76302719116211
52.14921569824219
43.26169967651367
45.566925048828125
42.767696380615234
44.02641296386719
41.865203857421875
43.056766510009766
44.9958381652832
46.513145446777344
41.62379837036133
42.93046188354492
40.887447357177734
41.594566345214844
43.53886032104492
44.81916046142578
41.584476470947266
42.18211364746094
40.27008056640625
39.908172607421875
57.87213897705078
58.72698211669922
56.154422760009766
57.10500717163086
73.71280670166016
74.46062469482422
62.10954666137695
61.482818603515625
73.54407501220703
77.13641357421875
56.961055755615234
57.81052780151367
63.7822380065918
64.1512451171875
51.894561767578125
50.978397369384766
50.19328689575195
47.39889907836914
46.60496139526367
47.47489929199219
51.39590072631836
51.24799346923828
51.767494201660156
52.0241813659668
57.585330963134766
57.9503173828125
55.33124542236328
55.09649658203125
57.67030715942383
58.56114196777344
60.19977951049805
60.70099639892578
57.1153678894043
58.350440979003906
56.57242202758789
59.663822174072266
57.48973846435547
60.37544250488281
55.0877799987793
55.1707763671875
42.471343994140625
42.60284423828125
53.54732894897461
55.92068862915039
57.184288024902344
58.27722930908203
55.19652557373047
57.247039794921875
59.94416427612305
61.634483337402344
55.151920318603516
56.232200622558594
60.51664352416992
56.26919174194336
74.69945526123047
73.42391967773438
62.808475494384766
61.74896240234375
56.368282318115234
55.12973403930664
64.29865264892578
62.37557601928711
61.15243911743164
57.913875579833984
73.463623046875
72.25828552246094
83.79009246826172
86.78076171875
75.49305725097656
77.40522766113281
59.338016510009766
59.71713638305664
74.48994445800781
72.22653198242188
67.13643646240234
65.7363052368164
70.09014892578125
70.47486114501953
52.01860046386719
54.066566467285156
65.2721176147461
65.52085876464844
58.93599319458008
57.032955169677734
67.29679107666016
66.18136596679688
65.34064483642578
66.85911560058594
62.14152145385742
63.061580657958984
73.54780578613281
72.78254699707031
71.15830993652344
72.70580291748047
74.90443420410156
73.76121520996094
60.83649444580078
60.300228118896484
67.25365447998047
65.32106018066406
72.58172607421875
72.97676086425781
57.72057342529297
56.18560791015625
60.563499450683594
59.73787307739258
60.5018424987793
60.524742126464844
65.5682373046875
62.74105453491211
66.73248291015625
62.284339904785156
63.74312973022461
63.650203704833984
74.10970306396484
73.07133483886719
68.94831848144531
64.14701080322266
61.11979293823242
58.79032897949219
76.06625366210938
74.72992706298828
65.64531707763672
65.9902572631836
63.285614013671875
61.68185043334961
75.16145324707031
73.88192749023438
66.79812622070312
63.05805587768555
82.7571792602539
83.48465728759766
67.96063232421875
66.0357894897461
97.01797485351562
91.07254028320312
66.73834991455078
65.69658660888672
69.5966567993164
72.48411560058594
73.50846862792969
72.43151092529297
60.06199264526367
60.113861083984375
64.50778198242188
65.07524871826172
73.03755950927734
75.66632080078125
80.2026596069336
79.6059341430664
70.91324615478516
69.05889129638672
86.40135955810547
83.82569885253906
64.48112487792969
61.618167877197266
53.38834762573242
53.146148681640625
45.83914566040039
47.32984924316406
64.56034088134766
65.94467163085938
73.14034271240234
69.81128692626953
69.28217315673828
66.57522583007812
46.52100372314453
48.65796661376953
45.485321044921875
47.51522445678711
45.27004623413086
47.01130294799805
43.507381439208984
45.11080551147461
45.706146240234375
48.20417785644531
46.50774002075195
50.55718231201172
47.64244079589844
49.82963562011719
46.75813674926758
48.76346206665039
48.47064971923828
49.958736419677734
50.24746322631836
51.81748580932617
